TestCaseID,NumTests_GivenCode,NumTests_GeneratedCode_GeminiPro,TotalTests_GeminiPro,PassedTests_FromGivenCode_GeminiPro,PassedTests_FromGeneratedCode_GeminiPro,TotalPassedTests_GeminiPro,NumTests_GeneratedCode_Codex,TotalTests_Codex,PassedTests_FromGivenCode_Codex,PassedTests_FromGeneratedCode_Codex,TotalPassedTests_Codex,NumTests_GeneratedCode_ChatGPT,TotalTests_ChatGPT,PassedTests_FromGivenCode_ChatGPT,PassedTests_FromGeneratedCode_ChatGPT,TotalPassedTests_ChatGPT,NumTests_GeneratedCode_Falcon,TotalTests_Falcon,PassedTests_FromGivenCode_Falcon,PassedTests_FromGeneratedCode_Falcon,TotalPassedTests_Falcon
00549329-ed0c-4400-9c84-9b6a5296582d,2,4,6,1,4,5,4,6,0,0,0,4,6,2,2,4,1,3,0,0,0
00ab4f27-1ef2-43ea-ae56-940cda37cadd,6,6,12,6,6,12,6,12,6,6,12,6,12,6,6,12,6,12,6,6,12
00f1c84f-5a56-40f7-8e6c-96745f951a64,2,2,4,2,2,4,2,4,2,2,4,2,4,2,2,4,1,3,2,1,3
0118a279-b821-4bc7-80d5-b16ce491b64b,2,6,8,2,6,8,1,3,0,0,0,4,6,0,2,2,1,3,0,0,0
01b65187-e7c2-44d7-b362-631e2190cef3,2,6,8,2,6,8,6,8,2,6,8,5,7,2,5,7,1,3,2,1,3
01ed5a62-b070-449d-8021-93bac5ea0b95,3,6,9,3,6,9,6,9,3,6,9,6,9,3,6,9,1,4,0,0,0
021a0f6f-1763-4cc4-8d0a-06efa6ae4b48,9,12,21,1,6,7,12,21,1,6,7,12,21,1,6,7,1,10,0,0,0
022f2a61-8386-40d7-80ac-385cc7cfc1f9,1,4,5,1,4,5,2,3,1,2,3,4,5,1,4,5,1,2,1,1,2
02474554-c235-455c-9bca-0c538ea6f018,2,2,4,2,2,4,2,4,2,2,4,2,4,2,2,4,2,4,2,2,4
024c033b-95d6-4fa8-8e6b-c0d9178348e5,5,5,10,5,5,10,5,10,5,5,10,5,10,5,5,10,5,10,5,5,10
03110143-b2a4-4131-b2ff-51c3161ea4b3,4,4,8,4,4,8,4,8,4,4,8,4,8,4,4,8,4,8,4,4,8
032499fb-027f-4a0f-b498-0f14966ee16b,2,9,11,2,9,11,9,11,2,9,11,5,7,2,5,7,2,4,2,2,4
03f920f9-919a-4fa5-8b03-54b72704544d,8,6,14,0,0,0,5,13,0,0,0,6,14,0,0,0,1,9,0,0,0
044bd72b-a426-41ff-a99a-b7f83aaf6f1b,2,2,4,2,2,4,2,4,2,2,4,2,4,2,2,4,2,4,2,2,4
0473587c-f01b-4cef-a08a-663a640e810a,4,4,8,4,4,8,4,8,4,4,8,4,8,4,4,8,4,8,4,4,8
04e6e7c3-540a-4c13-a09f-e03edd775f70,6,7,13,6,7,13,7,13,6,7,13,7,13,6,7,13,7,13,6,7,13
04ed620d-235b-431a-b9ee-578971c00c27,2,6,8,2,6,8,6,8,2,6,8,4,6,2,4,6,2,4,2,2,4
050927c8-ed55-43dc-a43c-cbe23bf0ea64,2,2,4,2,2,4,2,4,2,2,4,2,4,2,2,4,1,3,0,0,0
050affca-475e-43c8-a416-dc1ead6fd3eb,5,5,10,5,5,10,5,10,5,5,10,5,10,5,5,10,5,10,5,5,10
0532836a-34fc-4a44-b8b7-599d3926c16b,2,7,9,2,7,9,7,9,2,7,9,7,9,2,7,9,1,3,2,1,3
05bce5a2-4b55-4b68-82a4-78230519da7b,3,1,4,3,1,4,1,4,3,1,4,2,5,2,0,2,1,4,0,0,0
05dc58b1-2757-440c-914d-8046a5807e52,4,4,8,4,4,8,3,7,3,0,3,4,8,4,4,8,1,5,0,0,0
05f0941c-641a-4cbe-9f6a-7b15dad27850,2,2,4,2,2,4,2,4,0,0,0,2,4,0,2,2,1,3,0,0,0
061687ae-3360-4206-b5e2-5cd419880cff,2,2,4,0,0,0,2,4,0,0,0,2,4,0,0,0,1,3,0,0,0
063388af-cab2-4719-9fc5-70226ddbd15a,2,2,4,2,2,4,2,4,2,2,4,2,4,2,2,4,2,4,2,2,4
06ab4885-3456-4426-9952-9324a809f44b,2,2,4,2,2,4,2,4,2,2,4,2,4,2,2,4,1,3,0,0,0
06c9f33e-3c74-43d9-88d8-e6ac1002be6e,1,1,2,0,0,0,1,2,0,0,0,1,2,0,0,0,1,2,0,0,0
06e24731-9ec5-43b0-9e98-77911d58023e,3,3,6,3,3,6,3,6,3,3,6,3,6,3,3,6,3,6,3,3,6
06fbfa2d-561e-4aad-91cf-877ca0289352,2,4,6,2,4,6,4,6,2,4,6,4,6,2,4,6,2,4,2,2,4
076a5ecb-e61a-4637-9cf5-75eaec4754b9,2,6,8,0,2,2,6,8,0,2,2,6,8,0,2,2,6,8,0,2,2
07837e84-cc5c-4e8f-9e88-8ec4de12784f,2,5,7,2,5,7,5,7,2,5,7,5,7,2,5,7,2,4,2,2,4
0795eaa1-ed44-473e-b590-91b62a4db8f4,3,3,6,3,3,6,3,6,3,3,6,3,6,3,3,6,1,4,0,0,0
07af0675-950e-400e-8d2b-55d3c92fa51b,2,4,6,2,4,6,4,6,2,4,6,4,6,2,4,6,1,3,0,0,0
0827c301-2dc2-411e-997b-cac454cff3d3,2,5,7,2,5,7,5,7,2,5,7,5,7,2,5,7,1,3,0,0,0
08379a98-5955-4604-8450-3ccb83c7936a,2,1,3,2,1,3,2,4,2,2,4,1,3,2,1,3,2,4,2,2,4
08c1f887-a633-4c59-9236-b629a36a5641,2,2,4,2,2,4,2,4,0,0,0,2,4,2,2,4,1,3,0,0,0
08fdd344-8404-499a-b64c-5f5f8a6d261f,2,2,4,0,2,2,2,4,0,2,2,2,4,0,2,2,2,4,0,2,2
0998ef56-0dbb-4997-aa8c-de55648cbbf8,1,6,7,1,6,7,6,7,1,6,7,6,7,1,6,7,1,2,1,1,2
09b5cb42-0e7a-4e73-92f2-eb66c86cb4dc,25,23,48,25,23,48,23,48,25,23,48,23,48,25,23,48,23,48,25,23,48
09fe0d00-c686-4e95-807e-38067a4b53ae,13,4,17,0,0,0,4,17,0,0,0,4,17,0,0,0,4,17,0,0,0
0a912689-61af-42a4-89f1-ee190ace11e0,5,5,10,5,5,10,5,10,5,5,10,5,10,5,5,10,1,6,0,0,0
0abcf712-aa77-49ec-86ec-180e28896758,2,2,4,0,0,0,2,4,0,0,0,2,4,0,0,0,1,3,0,0,0
0b0d200a-461a-489d-8ad4-59d108fe6414,2,2,4,1,0,1,2,4,1,0,1,2,4,1,0,1,2,4,1,0,1
0b280966-c53f-4711-81b5-977371fc3606,2,11,13,2,11,13,11,13,2,11,13,11,13,2,11,13,1,3,2,1,3
0b4963e8-dca6-4a2f-8e0f-9887f5cc606d,1,1,2,0,0,0,4,5,1,4,5,1,2,0,0,0,2,3,1,2,3
0ba131c1-15d2-44a1-bc4e-7880d403cfd3,2,11,13,2,11,13,6,8,2,6,8,11,13,2,11,13,2,4,0,0,0
0c922e69-7c17-4e6b-a69c-44474f97767e,1,6,7,1,6,7,6,7,1,6,7,6,7,1,6,7,1,2,1,1,2
0ccf615c-6aae-4826-844d-5301e15cda7c,4,4,8,4,4,8,4,8,4,4,8,4,8,4,4,8,4,8,4,4,8
0cfd9712-72c1-46a5-9127-a814a6a3131c,3,5,8,2,2,4,5,8,2,2,4,9,12,2,2,4,1,4,0,0,0
0cfd9888-72c1-46a5-9127-a814a6a3131c,3,5,8,2,2,4,5,8,2,2,4,9,12,2,2,4,1,4,0,0,0
0cff72ba-399e-49ec-a2de-e872cb4ae189,4,4,8,4,4,8,4,8,4,4,8,4,8,4,4,8,4,8,4,4,8
0d1ed56c-70d0-436c-ac36-c8f95e3e5bfb,2,2,4,2,2,4,2,4,0,0,0,2,4,2,2,4,1,3,0,0,0
0d2a0bde-4aec-4c04-b24a-b0c966c67dc2,11,6,17,0,0,0,6,17,0,0,0,6,17,0,0,0,1,12,0,0,0
0d627238-99cb-499a-b4b3-617ddfde0471,8,8,16,8,8,16,8,16,8,8,16,8,16,8,8,16,8,16,8,8,16
0d7b1281-f997-4e21-be8a-c977116c2718,2,3,5,0,0,0,3,5,0,0,0,3,5,0,0,0,1,3,0,0,0
0d7f0794-b5ac-4195-88d8-36115872c423,2,5,7,0,2,2,5,7,0,2,2,5,7,0,2,2,5,7,0,2,2
0e6a7d70-9a4b-4f5e-94f9-fb648331b3b9,2,6,8,2,6,8,6,8,2,6,8,6,8,2,6,8,1,3,0,0,0
0f343936-0480-4346-850a-c85b42e2551e,2,6,8,2,6,8,1,3,0,0,0,6,8,2,6,8,1,3,0,0,0
0f3fe6a6-f15f-43d1-b7fb-5e144bf63ce9,2,2,4,0,0,0,2,4,0,0,0,2,4,0,0,0,1,3,0,0,0
0f830f3d-0312-4b75-99a7-e5e1b4a10d31,4,2,6,0,0,0,2,6,2,2,4,2,6,0,0,0,2,6,2,2,4
0f8b9a96-636b-46cf-9bc8-4cc626faf70f,2,2,4,2,2,4,2,4,2,2,4,2,4,2,2,4,2,4,2,2,4
0fac9ada-839c-4936-89ad-46e0ab929c20,3,2,5,2,2,4,2,5,2,2,4,2,5,2,2,4,1,4,0,0,0
0fe6f681-94d8-4a72-a34a-11582add48b3,2,1,3,2,1,3,1,3,2,1,3,1,3,2,1,3,2,4,2,2,4
0ff937ea-4ed2-4db3-8e0a-4794f92b21ca,2,6,8,2,6,8,6,8,2,6,8,6,8,2,6,8,1,3,2,1,3
100861d4-8497-4db4-ac50-aba985ab4ad8,2,2,4,2,2,4,3,5,2,3,5,2,4,2,2,4,1,3,0,0,0
1025ab01-8a45-489d-8023-07b243a48ce1,2,8,10,2,8,10,8,10,2,8,10,8,10,2,8,10,2,4,2,2,4
102b8be8-cf2d-4968-a799-acefa4ebadc1,4,4,8,4,4,8,4,8,4,4,8,4,8,4,4,8,4,8,4,4,8
104d36f9-7b26-44ef-988a-3a5b365e7ec7,2,2,4,2,2,4,2,4,2,2,4,2,4,2,2,4,1,3,0,0,0
105a1ba5-6a01-4c73-a6fc-c5c630518d61,3,2,5,0,2,2,2,5,0,2,2,2,5,0,2,2,2,5,0,2,2
1073a413-82d3-4b9b-a624-4ed7c251c424,1,1,2,1,1,2,1,2,1,1,2,1,2,1,1,2,1,2,1,1,2
10e5b0ff-b861-4607-9fa6-36bd7ff10113,10,10,20,10,10,20,10,20,10,10,20,10,20,10,10,20,10,20,10,10,20
1115b5d1-01bd-4f15-acba-75679528331f,1,1,2,0,0,0,1,2,0,0,0,1,2,0,0,0,1,2,0,0,0
113ee2be-c56d-4931-a8c1-c85452b11c64,2,4,6,2,4,6,4,6,2,4,6,6,8,2,6,8,2,4,2,2,4
118e6488-7f59-424c-bcc1-84f56a84e32d,1,4,5,1,4,5,2,3,1,2,3,4,5,1,4,5,1,2,1,1,2
119ccc18-6197-4daa-bede-47f80f0a89bf,2,3,5,2,3,5,3,5,2,3,5,3,5,2,3,5,2,4,2,2,4
11d86b22-93a2-4bba-afbb-daeafb5555c2,3,1,4,3,1,4,1,4,3,1,4,1,4,3,1,4,1,4,0,0,0
11f47b25-244d-4cb1-b133-3f73319c4657,6,6,12,0,0,0,2,8,0,0,0,6,12,0,0,0,1,7,0,0,0
11fbbecf-0854-4a9e-bfa2-484a21253090,2,4,6,2,4,6,4,6,2,4,6,4,6,2,4,6,1,3,0,0,0
12120285-9b41-4d53-b2db-5f16c33cbe1b,2,2,4,2,2,4,2,4,2,2,4,2,4,0,2,2,2,4,2,2,4
12898e1f-ca7c-4c56-aada-cfbe041a9386,6,6,12,6,6,12,6,12,6,6,12,6,12,6,6,12,1,7,0,0,0
12d54c45-32e8-43d7-ada0-88d0c5fa573f,2,2,4,2,2,4,2,4,2,2,4,2,4,2,2,4,2,4,2,2,4
12ea0926-6f7e-472e-b969-a078262b4803,3,3,6,3,3,6,3,6,3,3,6,3,6,3,3,6,3,6,3,3,6
13034c91-201b-47cf-affd-40d4582c4030,4,8,12,0,0,0,8,12,0,0,0,5,9,0,0,0,1,5,0,0,0
13255d3f-50b4-4b9b-8877-068c4d7a3f28,2,2,4,0,0,0,2,4,0,0,0,2,4,0,0,0,1,3,0,0,0
133d0796-ef7a-43b7-a760-1455eac61958,2,2,4,2,2,4,2,4,2,2,4,2,4,2,2,4,2,4,2,2,4
13406e15-b39c-4656-aa0f-93b37e15078d,2,4,6,2,4,6,4,6,2,4,6,4,6,2,4,6,1,3,0,0,0
134667e4-52c5-497d-ad38-3bab00da7a67,2,5,7,2,5,7,5,7,2,5,7,2,4,2,2,4,2,4,2,2,4
13c0708f-db1d-4719-8c9f-e8d69df385e8,2,5,7,0,5,5,5,7,0,5,5,5,7,0,5,5,1,3,0,1,1
141c2ee8-8ce4-4a32-b92d-b2bbe5adf546,5,5,10,5,5,10,5,10,5,5,10,5,10,5,5,10,5,10,5,5,10
1466978f-50c7-4b33-b75f-0ab2f2c1ea44,23,24,47,23,24,47,24,47,23,24,47,24,47,23,24,47,24,47,23,24,47
148e0476-3570-453b-943e-875eeb9aa1e7,1,7,8,1,7,8,7,8,1,7,8,6,7,1,6,7,1,2,1,1,2
14d8e439-c6b6-45ea-a719-ffa9a7427848,2,5,7,2,5,7,5,7,2,5,7,5,7,2,5,7,2,4,2,2,4
155349c7-a8be-4ba8-8297-bf018e1b5016,6,6,12,6,6,12,6,12,6,6,12,6,12,6,6,12,1,7,0,0,0
15575099-4c11-4dd3-a45b-b1520b2ec333,3,3,6,0,0,0,3,6,0,0,0,3,6,0,0,0,1,4,0,0,0
15b652b3-65de-4adb-96fa-eb320fc9ccb1,7,7,14,7,7,14,7,14,7,7,14,7,14,7,7,14,1,8,0,0,0
15e7af5e-f5b7-4ba7-8abc-fc48fb29da35,2,2,4,0,0,0,2,4,0,0,0,2,4,0,0,0,1,3,0,0,0
16a1cb4e-eb66-4b70-a6a4-d5d55366910d,2,2,4,2,2,4,2,4,2,2,4,2,4,2,2,4,2,4,2,2,4
16f364a2-fb56-4473-b3f1-4d6b9b95468c,2,13,15,2,13,15,13,15,2,13,15,13,15,2,13,15,1,3,2,1,3
16fb0a11-3d91-47b1-8e57-53180f84c027,2,4,6,0,0,0,4,6,0,0,0,4,6,0,0,0,1,3,0,0,0
16fe1cbd-8247-4b10-be40-9104b6e654c1,2,3,5,2,3,5,3,5,2,3,5,3,5,2,3,5,2,4,2,2,4
175810c8-ee34-4b61-8a30-d8462a3df548,6,6,12,6,6,12,6,12,6,6,12,6,12,6,6,12,6,12,6,6,12
17595bf4-8026-4a86-a7aa-1281f6068bac,11,12,23,11,12,23,12,23,11,12,23,12,23,11,12,23,12,23,11,12,23
1761a5c4-9e22-4cda-8686-944832778c97,16,14,30,0,14,14,14,30,0,14,14,14,30,0,14,14,1,17,0,0,0
18299b58-921d-4a75-8734-80e8e748b290,2,4,6,2,4,6,2,4,0,2,2,4,6,2,4,6,1,3,0,0,0
18462f9a-0691-44ce-87ea-8f230e28530c,2,3,5,0,0,0,3,5,0,0,0,3,5,0,0,0,1,3,0,0,0
186ebb96-c151-4685-a0a0-1cd4cea7695d,2,2,4,2,2,4,2,4,0,2,2,2,4,2,2,4,2,4,2,2,4
1a392ea6-e44c-44fc-a596-2fbb0c336eb2,2,1,3,2,1,3,2,4,2,2,4,1,3,2,1,3,2,4,2,2,4
1a83f2ae-decd-4165-8e0e-05542edb978a,7,5,12,0,0,0,5,12,0,0,0,5,12,0,0,0,1,8,0,0,0
1a8d38cf-b76c-4d08-bfc4-d505e74ea07e,2,10,12,2,10,12,10,12,2,10,12,10,12,2,10,12,10,12,2,10,12
1abbc779-e5ca-4e21-8983-0d83d746df54,1,2,3,1,2,3,2,3,1,2,3,6,7,1,6,7,1,2,1,1,2
1bef3a19-59c9-4e8a-bf48-71d63297b773,2,2,4,2,2,4,2,4,2,2,4,2,4,2,2,4,1,3,0,0,0
1bf6632a-fdef-4429-9dcb-dc0dbc00962a,2,3,5,2,3,5,3,5,2,3,5,3,5,2,3,5,2,4,2,2,4
1bfda0de-dee2-4e02-8f70-e2fcdc4d8912,1,1,2,0,0,0,1,2,0,0,0,1,2,0,0,0,1,2,0,0,0
1c14311b-7a5a-4175-8123-d475585edcc9,1,5,6,1,5,6,5,6,1,5,6,2,3,1,2,3,2,3,1,2,3
1c501298-d990-4baa-8771-77f003302b13,3,3,6,3,3,6,3,6,3,3,6,9,12,0,3,3,1,4,0,0,0
1c9ffadc-1396-4e26-8d64-8d68b066e77d,1,7,8,0,0,0,7,8,0,0,0,7,8,0,0,0,1,2,0,0,0
1d86ca66-c941-4d3e-b4e6-b2f745a90bf3,2,2,4,0,0,0,2,4,0,0,0,2,4,0,0,0,1,3,0,0,0
1dda9b70-e78b-4a85-8cb6-2af20a040d45,4,4,8,4,4,8,4,8,4,4,8,4,8,4,4,8,4,8,4,4,8
1e0ea0ae-a20f-4b6f-87e2-dae6049e33c0,3,2,5,3,2,5,2,5,3,2,5,2,5,3,2,5,1,4,0,0,0
1e34fe6a-cfb4-434f-8437-f5e0353af514,2,2,4,2,2,4,2,4,2,2,4,2,4,2,2,4,2,4,2,2,4
1e3c579c-dad5-49db-8a39-d9685c256160,2,2,4,2,2,4,2,4,2,2,4,2,4,2,2,4,1,3,0,0,0
1ea56590-e9fb-4c0d-8b26-71296a16f99f,2,2,4,0,2,2,2,4,0,2,2,2,4,0,2,2,2,4,0,2,2
1ec299d0-3de0-4921-a5e5-84ac5782a9a6,9,9,18,9,9,18,9,18,9,9,18,9,18,9,9,18,9,18,9,9,18
1f032965-b033-42c7-bf5a-9eb1c365af9d,1,6,7,1,6,7,6,7,1,6,7,5,6,1,5,6,1,2,1,1,2
1f3d293c-ee9b-4a29-982e-045a291c1714,5,2,7,0,0,0,2,7,0,0,0,2,7,0,0,0,1,6,0,0,0
1faace01-7239-4269-a108-a7505603a9b1,2,2,4,2,2,4,2,4,2,2,4,2,4,2,2,4,2,4,2,2,4
2029fb0f-db1d-4448-aef9-b21c7bcd452b,9,10,19,9,10,19,10,19,9,10,19,10,19,9,10,19,1,10,0,0,0
202f548c-ec95-45e9-a866-5dd01934e351,2,2,4,2,2,4,2,4,2,2,4,2,4,2,2,4,1,3,0,0,0
2058aa13-e1b5-441d-a2a2-3914d62c4acd,4,5,9,4,5,9,5,9,4,5,9,5,9,4,5,9,5,9,4,5,9
208ac9cc-ca95-4f7b-9daf-f322f287eace,4,4,8,4,4,8,4,8,4,4,8,4,8,4,4,8,4,8,4,4,8
20cfa6e8-dd07-4f78-9686-4576268d2ced,2,2,4,0,0,0,2,4,0,0,0,2,4,0,0,0,1,3,0,0,0
2106cd73-fd96-4889-b5a3-658448e6512e,3,3,6,0,0,0,3,6,0,0,0,3,6,0,0,0,3,6,0,0,0
2169202f-089b-43dd-9e14-b46054a90acb,2,2,4,2,2,4,2,4,2,2,4,2,4,2,2,4,1,3,0,0,0
21b548d2-14db-4d62-a14c-19c19102d875,2,2,4,0,2,2,2,4,0,2,2,2,4,0,2,2,2,4,0,2,2
21d0e7c3-25c0-4d3a-8d4f-1ba6ad449f25,6,5,11,6,5,11,5,11,6,5,11,5,11,6,5,11,5,11,6,5,11
21e08b6b-6628-41de-a2dd-ea5971db0a5c,7,12,19,7,12,19,12,19,7,12,19,12,19,7,12,19,1,8,0,0,0
21e6c41c-c9c7-480e-a3c4-7d9bfb0d2765,2,38,40,2,38,40,38,40,2,38,40,38,40,2,38,40,1,3,0,0,0
2251fb40-a480-4c2e-ae8a-32047d58f39f,2,3,5,0,2,2,3,5,0,2,2,3,5,0,2,2,3,5,0,2,2
22571a54-10da-4069-a694-a4e3b87daf9f,2,5,7,2,5,7,5,7,2,5,7,5,7,2,5,7,2,4,2,2,4
2260319b-7866-400c-87ae-57ae69a63cfa,2,7,9,2,7,9,2,4,0,0,0,7,9,2,7,9,2,4,0,0,0
2305bdfd-b4dd-489f-b5eb-5a9a8e61fe14,2,5,7,2,5,7,5,7,2,5,7,5,7,2,5,7,2,4,2,2,4
23094f8e-ab52-4130-8a22-17c40e1d123e,3,5,8,3,5,8,5,8,3,5,8,5,8,3,5,8,1,4,0,0,0
2376c69f-3a0f-41fd-afef-c4dbf6647c70,2,6,8,2,6,8,6,8,2,6,8,6,8,2,6,8,6,8,2,6,8
23a9050b-44d9-4d7b-8f43-bf4f777d6c26,2,4,6,2,4,6,2,4,0,0,0,4,6,2,4,6,1,3,0,0,0
24ef5470-98c5-406c-afd6-8cfa624d79df,2,2,4,0,0,0,2,4,0,0,0,2,4,0,0,0,1,3,0,0,0
25292642-956c-499b-8b24-4330ac89b675,6,6,12,6,6,12,6,12,6,6,12,6,12,6,6,12,6,12,6,6,12
25428e20-4300-4923-a83f-500b36cb1620,1,1,2,0,0,0,1,2,0,0,0,1,2,0,0,0,1,2,0,0,0
25797950-c7db-43a3-ba9e-03a79e9f3979,2,2,4,2,2,4,13,15,0,13,13,2,4,2,2,4,1,3,0,0,0
25ffebbf-ebe8-4ddf-885a-9338cfe336ed,3,6,9,2,3,5,6,9,2,3,5,2,5,2,0,2,1,4,0,0,0
26148308-9b0d-4d6f-bc91-c33279c47085,3,4,7,3,4,7,4,7,3,4,7,4,7,3,4,7,1,4,0,0,0
261772ec-d399-4d12-9972-7773fcd0643a,3,6,9,3,6,9,6,9,3,6,9,6,9,3,6,9,1,4,0,0,0
26563800-2f28-482b-8dad-705f2c6f3970,2,5,7,2,5,7,5,7,2,5,7,5,7,2,5,7,1,3,0,0,0
2693220b-1d90-4d41-9801-4fe835c8c504,10,10,20,0,0,0,2,12,0,0,0,10,20,0,0,0,1,11,0,0,0
26d0e96c-7b77-4ba8-a267-27883c234695,2,2,4,2,2,4,2,4,2,2,4,2,4,2,2,4,1,3,0,0,0
27187d2f-0403-435d-a913-4bc2706f8cfe,4,4,8,4,4,8,1,5,0,0,0,4,8,4,4,8,1,5,0,0,0
2740c818-3379-41f4-81d0-a383796ef0d8,8,7,15,8,7,15,7,15,8,7,15,7,15,8,7,15,1,9,0,0,0
27426f13-b835-487b-a4b6-73c908ac3868,2,3,5,0,0,0,3,5,0,0,0,3,5,0,0,0,1,3,0,0,0
2799dffd-c924-427c-ae47-a6a10f3c6793,6,6,12,0,0,0,6,12,0,0,0,6,12,0,0,0,1,7,0,0,0
280651fa-ada6-4845-b4e3-d2336ad8ad61,2,2,4,2,2,4,2,4,2,2,4,2,4,2,2,4,2,4,2,2,4
2864aee3-f444-4ddb-9cee-3cbd0aeca0b9,2,5,7,0,0,0,5,7,0,0,0,5,7,0,0,0,1,3,0,0,0
28bf7cc1-2204-48bb-9cdc-3c0cd6e9c525,2,12,14,2,12,14,12,14,2,12,14,2,4,2,2,4,2,4,2,2,4
28d4299c-fd33-46ab-9227-94791ee0b0cd,2,2,4,2,2,4,2,4,2,2,4,2,4,2,2,4,2,4,2,2,4
28ffbe2d-f012-461f-959a-10bd5fc7f9e4,2,2,4,2,2,4,2,4,2,2,4,2,4,1,2,3,2,4,2,2,4
2906d857-ba76-442e-b4b8-7622d8e27143,6,6,12,6,6,12,6,12,6,6,12,6,12,6,6,12,1,7,0,0,0
291c833e-8786-4427-aa1f-229dec1bcae7,1,5,6,0,5,5,5,6,0,5,5,5,6,0,5,5,1,2,0,0,0
29d499d0-426d-4371-9ab2-761779dee1bc,2,8,10,0,2,2,8,10,0,2,2,8,10,0,2,2,8,10,0,2,2
2a000c65-4c30-4190-b603-14ef6c67dced,2,2,4,2,2,4,3,5,2,3,5,2,4,2,2,4,1,3,0,0,0
2a8bb08e-2a62-4b5e-8589-cd02cdfafa35,2,4,6,2,4,6,4,6,2,4,6,4,6,2,4,6,2,4,2,2,4
2a921c76-c613-4982-be86-80ff078ebe4f,2,6,8,2,6,8,6,8,2,6,8,2,4,0,2,2,1,3,0,0,0
2afda377-4d5b-4fd7-8995-e7ae8fb5b542,2,2,4,2,2,4,2,4,2,2,4,2,4,2,2,4,1,3,0,0,0
2b08903e-d35c-4f02-a3af-235162434bc9,3,1,4,2,1,3,1,4,2,1,3,1,4,2,1,3,1,4,0,0,0
2b214aab-2b42-4b2c-8ce7-97c300f804e1,2,6,8,0,6,6,6,8,0,6,6,6,8,0,6,6,6,8,0,6,6
2b58e559-4423-4aff-9a74-a5254aa11c4d,1,7,8,1,7,8,7,8,1,7,8,5,6,1,5,6,1,2,1,1,2
2b7246da-7107-4053-9408-643bf768a75b,3,3,6,3,3,6,3,6,3,3,6,3,6,0,3,3,1,4,0,0,0
2b7792d9-011e-432a-a846-8d11c2e6c505,2,1,3,2,1,3,1,3,2,1,3,1,3,2,1,3,2,4,2,2,4
2b8b7dd0-b1b5-43fd-908d-832e3d4c014b,2,3,5,2,3,5,2,4,2,2,4,7,9,2,7,9,2,4,2,2,4
2ba3e132-b81c-46c8-bd7d-8fea6fd51cd5,8,8,16,8,8,16,8,16,8,8,16,8,16,8,8,16,8,16,8,8,16
2bfe82f1-f120-42ee-94a8-e3d93ac7a389,2,5,7,2,5,7,5,7,2,5,7,5,7,2,5,7,2,4,2,2,4
2bff7612-1c31-43fb-ae17-394d1fd90c57,2,2,4,2,2,4,2,4,2,2,4,2,4,2,2,4,2,4,2,2,4
2c154d4a-bc8d-4d74-af91-6e6462e3a1c4,2,6,8,2,6,8,1,3,2,1,3,2,4,2,2,4,2,4,2,2,4
2c67b7d0-a0cf-489f-803a-b8436a088059,2,5,7,2,5,7,5,7,2,5,7,5,7,2,5,7,1,3,0,0,0
2d7126c3-ab27-4264-8820-fb979b16faea,4,4,8,4,4,8,4,8,4,4,8,4,8,4,4,8,4,8,4,4,8
2d7460bf-bc12-4675-bad9-3a947e85e7e3,2,2,4,2,2,4,2,4,2,2,4,2,4,2,2,4,2,4,2,2,4
2dbef409-1f1e-49ad-89ae-f023fe9d55dd,7,7,14,7,7,14,7,14,7,7,14,7,14,7,7,14,1,8,0,0,0
2de21bf6-dfff-48c5-a117-d5f6c91df49c,2,3,5,2,3,5,2,4,0,0,0,3,5,2,3,5,1,3,0,0,0
2e1c2d07-2d5f-4baf-95bd-1bf2ae366289,2,2,4,0,2,2,2,4,0,2,2,2,4,0,2,2,2,4,0,2,2
2e83d4ae-f891-447d-8095-0c1841473273,2,2,4,2,2,4,6,8,0,0,0,2,4,2,2,4,1,3,0,0,0
2ef6966f-5d01-4f9f-90a9-992e4880dc1d,2,7,9,2,7,9,9,11,2,9,11,7,9,2,7,9,2,4,2,2,4
2fac173f-c2b4-4dd4-a7e0-851afe5237ee,3,1,4,3,1,4,1,4,3,1,4,5,8,2,1,3,1,4,0,0,0
2fbd8e0c-b5ea-4878-949c-db6355dd2a5e,2,2,4,1,2,3,2,4,2,2,4,2,4,1,2,3,2,4,2,2,4
2ff90575-9915-4f8a-893c-f54ec4455d37,4,9,13,0,0,0,9,13,0,0,0,9,13,0,0,0,1,5,0,0,0
3032e418-5460-4cb1-8c48-89c014602b4d,4,4,8,4,4,8,4,8,4,4,8,4,8,4,4,8,4,8,4,4,8
306d23e8-4308-441f-abc8-58e82a9cb777,6,5,11,0,0,0,5,11,0,0,0,6,12,0,0,0,1,7,0,0,0
306d8a2e-c0d9-4b22-a52b-dad3c492ff87,3,5,8,3,5,8,5,8,3,5,8,5,8,3,5,8,1,4,0,0,0
30ab9923-0fbd-4929-b366-7db9dd07528c,2,2,4,2,2,4,2,4,2,2,4,2,4,2,2,4,2,4,2,2,4
3124f049-d443-4bb5-b49b-4fd9a15ed123,2,7,9,2,7,9,7,9,2,7,9,1,3,2,1,3,2,4,2,2,4
312880ff-45c5-49d7-b909-01564f580dca,2,3,5,2,3,5,3,5,2,3,5,3,5,2,3,5,3,5,2,3,5
31604bd7-054e-4d59-9fd0-8280f732a5d8,6,6,12,6,6,12,6,12,6,6,12,6,12,6,6,12,6,12,6,6,12
323f5bcb-458c-428c-9576-62df56f1d1f4,2,2,4,2,2,4,2,4,2,2,4,2,4,2,2,4,2,4,2,2,4
32ea3c3a-1e54-4b1f-b3ba-e031992ce073,2,5,7,0,0,0,5,7,0,0,0,5,7,0,0,0,1,3,0,0,0
33375941-d3f6-4ca2-8fe6-b0ecc7300b42,12,12,24,12,12,24,12,24,12,12,24,12,24,12,12,24,12,24,12,12,24
3361d3ec-7cd1-4eda-bde3-ae654944dfec,22,21,43,22,21,43,21,43,22,21,43,21,43,22,21,43,21,43,22,21,43
33abc21f-d1b2-4c5e-8c81-a126ba103813,3,2,5,3,2,5,2,5,3,2,5,9,12,0,2,2,1,4,0,0,0
33b42742-81cb-41ea-af1e-ca4e54c81e70,24,26,50,24,26,50,26,50,24,26,50,26,50,24,26,50,26,50,24,26,50
33c8a9f6-bd8e-4ca2-b093-37b5c7c472c4,2,5,7,0,0,0,5,7,0,0,0,5,7,0,0,0,1,3,0,0,0
33d27211-07de-4a0c-a84a-3d89425eee0d,3,8,11,2,2,4,8,11,2,2,4,2,5,2,0,2,1,4,0,0,0
340c714c-7cf3-4e3c-9677-17cf52b46b83,6,6,12,6,6,12,6,12,6,6,12,6,12,6,6,12,6,12,6,6,12
34232c21-2772-4a98-91b3-87dfaccabb6b,2,9,11,2,9,11,4,6,0,0,0,9,11,2,9,11,1,3,0,0,0
346bfff4-ee91-49bd-9bb1-0c45895a638b,5,5,10,0,0,0,6,11,0,0,0,5,10,0,0,0,1,6,0,0,0
3493b6fc-48f9-4573-8152-347bcbcb1751,3,5,8,3,5,8,5,8,0,0,0,7,10,0,2,2,1,4,0,0,0
34c0a159-9c7e-4c61-9ba5-cd84adf28066,2,5,7,2,5,7,5,7,2,5,7,2,4,0,2,2,1,3,0,0,0
34c3ee25-ce3e-498c-b0de-f8124d0c6421,2,2,4,2,2,4,2,4,2,2,4,2,4,2,2,4,1,3,0,0,0
353687ac-e14a-4e15-ab37-9dd405297623,2,4,6,2,4,6,4,6,2,4,6,4,6,2,4,6,2,4,2,2,4
3570c875-8dc7-4adc-b821-814f432a2615,6,6,12,0,0,0,2,8,0,0,0,5,11,0,0,0,1,7,0,0,0
36034412-518f-4df6-946d-60623a3a5f1f,2,7,9,0,0,0,7,9,0,0,0,6,8,0,0,0,1,3,0,0,0
36160981-3054-41d8-b058-513d6f9475e6,2,2,4,2,2,4,2,4,2,2,4,2,4,2,2,4,2,4,2,2,4
364446e9-4867-484f-bdd9-402fb2224a1f,2,3,5,2,3,5,3,5,2,3,5,3,5,2,3,5,2,4,2,2,4
364f82f9-1225-4d78-ba17-f1063e14fd33,2,8,10,2,8,10,8,10,2,8,10,7,9,2,7,9,2,4,2,2,4
36609958-d791-44a9-b455-e5ec0947b543,12,12,24,12,12,24,12,24,12,12,24,12,24,12,12,24,12,24,12,12,24
36d0e902-f1b2-4ae6-939a-b7990894a6ec,5,5,10,5,5,10,5,10,5,5,10,5,10,5,5,10,5,10,5,5,10
3741aefc-3876-4a40-834b-1d0754f1444a,6,6,12,6,6,12,6,12,6,6,12,6,12,6,6,12,6,12,6,6,12
374e9889-78cd-42de-8322-db3c6f50f73f,3,3,6,3,3,6,3,6,3,3,6,3,6,3,3,6,1,4,0,0,0
376421fd-d0b4-4b0a-9bdb-02f7c7c5e6e1,6,7,13,6,7,13,7,13,6,7,13,7,13,6,7,13,7,13,6,7,13
3774d8a6-dafe-42cd-beed-954cff10a608,2,4,6,2,4,6,4,6,0,0,0,4,6,2,4,6,1,3,0,0,0
3781b740-f047-451a-af04-a9294953067e,2,3,5,0,2,2,3,5,0,2,2,3,5,0,2,2,3,5,0,2,2
37ffde4c-4aa9-48e0-9855-1aebf1d81bc8,2,2,4,2,2,4,2,4,2,2,4,5,7,2,5,7,2,4,2,2,4
38de1c08-56a9-45fb-b882-e189ba4d4079,2,3,5,2,3,5,3,5,2,3,5,3,5,2,3,5,1,3,0,0,0
390dd236-58db-4f67-8878-88203c82d53d,2,5,7,2,5,7,5,7,2,5,7,5,7,2,5,7,1,3,0,0,0
3924a6aa-dce2-433a-9ccf-c814707b73ea,1,2,3,1,2,3,2,3,1,2,3,2,3,1,2,3,2,3,1,2,3
39334af6-26e2-439a-ac2f-709e51dfc68d,3,6,9,2,2,4,6,9,2,2,4,2,5,2,0,2,1,4,0,0,0
39890300-1547-4818-bb5b-9596261de0de,2,4,6,2,4,6,4,6,2,4,6,4,6,2,4,6,2,4,2,2,4
39b84aae-83e9-45c2-9c39-497d204c8672,6,5,11,6,5,11,5,11,6,5,11,5,11,6,5,11,5,11,6,5,11
39ded62f-36fe-4ba6-b7a3-64c498850a23,2,4,6,2,4,6,2,4,2,2,4,4,6,2,4,6,2,4,2,2,4
3a07dd64-fed8-41da-ada0-655e4ce9d2b8,8,10,18,8,10,18,10,18,8,10,18,10,18,8,10,18,10,18,8,10,18
3b322a01-97e2-4e61-9186-421df7abd154,3,2,5,3,2,5,2,5,3,2,5,2,5,3,2,5,1,4,0,0,0
3b3a9f71-dfac-4827-b7ef-98de5b687998,2,2,4,2,2,4,2,4,2,2,4,2,4,2,2,4,1,3,0,0,0
3ca25531-894a-475b-b3ed-bcfd41b3301c,2,2,4,2,2,4,2,4,2,2,4,2,4,2,2,4,1,3,0,0,0
3cb49788-3b20-45b4-a570-83490e8eac28,2,5,7,2,5,7,5,7,2,5,7,5,7,2,5,7,1,3,2,1,3
3dc0f591-0664-4d8f-b970-7479799f86c4,2,7,9,2,7,9,7,9,2,7,9,5,7,0,2,2,1,3,0,0,0
3e2ccc85-58fe-485b-81ea-2fbd6830cc67,7,4,11,0,0,0,4,11,0,0,0,4,11,0,0,0,1,8,0,0,0
3e814c4b-4a00-44bc-8315-da7d4111063a,2,5,7,2,5,7,5,7,2,5,7,5,7,2,5,7,2,4,2,2,4
3eb08cf3-5d14-4385-b68d-ef59d543990c,2,4,6,2,4,6,4,6,2,4,6,4,6,2,4,6,1,3,0,0,0
3f4c8081-327b-48ed-9165-aed0daec5106,2,8,10,2,8,10,8,10,2,8,10,8,10,2,8,10,8,10,2,8,10
3fa77b0f-481b-472a-b326-fbe86f36acc2,2,2,4,2,2,4,2,4,2,2,4,2,4,2,2,4,2,4,2,2,4
3fb29e4d-ff4c-4a9d-85db-771142b71562,1,5,6,1,5,6,1,2,1,1,2,5,6,1,5,6,1,2,1,1,2
40528b07-b9a5-499b-b985-53358b9fd9a4,2,7,9,2,7,9,7,9,2,7,9,7,9,2,7,9,7,9,2,7,9
4074b0bc-8134-4c8d-9763-34e16852b6b6,4,2,6,2,2,4,2,6,2,2,4,2,6,2,2,4,2,6,2,2,4
409f679d-fdfe-4dd3-8d10-63f2c46bee8d,2,2,4,2,2,4,2,4,2,2,4,2,4,2,2,4,1,3,0,0,0
40c77925-f91c-42e6-a2fd-6db3f9189f7a,2,4,6,2,4,6,4,6,0,0,0,4,6,2,4,6,1,3,0,0,0
40d16965-290f-4849-a43a-f28b3a8742e9,2,4,6,0,0,0,4,6,0,0,0,4,6,0,0,0,1,3,0,0,0
413b3cc2-a707-45da-874b-71c86685f8bc,6,5,11,0,0,0,5,11,0,0,0,6,12,0,0,0,1,7,0,0,0
41839217-a93a-4490-9e0e-a8693b6b72b8,19,19,38,19,19,38,19,38,19,19,38,19,38,19,19,38,1,20,0,0,0
426d6aa4-3076-412f-aa0d-93633a2e49cc,2,6,8,2,6,8,6,8,2,6,8,5,7,2,5,7,2,4,2,2,4
42a2bc14-4cd0-44eb-a7aa-d1199fa38f64,2,6,8,2,6,8,6,8,2,6,8,6,8,2,6,8,2,4,2,2,4
441bd2e3-e934-4447-ad24-f22882540af6,2,2,4,2,2,4,2,4,2,2,4,2,4,2,2,4,2,4,2,2,4
4483f92e-be24-4728-93ea-6f598d51de09,2,5,7,0,0,0,5,7,0,0,0,5,7,0,0,0,2,4,0,0,0
457a0156-4d23-4a73-bdfb-63e28b5bff76,1,1,2,0,0,0,1,2,0,0,0,1,2,0,0,0,1,2,0,0,0
45956807-2968-42c9-8479-381618b94716,3,6,9,2,2,4,6,9,2,2,4,2,5,2,0,2,1,4,0,0,0
465d6084-0043-4c8d-952f-0c99b544d176,2,2,4,0,0,0,2,4,0,0,0,2,4,0,0,0,1,3,0,0,0
468df7ab-9365-4345-990f-a6e68dafb3dc,2,4,6,2,4,6,4,6,2,4,6,4,6,2,4,6,2,4,2,2,4
4698ec22-018b-4e33-90c8-a6d1e8a161b1,2,6,8,2,6,8,6,8,2,6,8,2,4,2,2,4,2,4,2,2,4
46d5ec52-e586-45e3-bc90-560b4340dea8,3,11,14,2,2,4,11,14,2,2,4,2,5,2,0,2,1,4,0,0,0
47b33d52-f9c8-4ad8-9640-8672fb556440,2,7,9,2,7,9,7,9,2,7,9,7,9,2,7,9,7,9,2,7,9
47b5ea73-5f76-424a-b588-3ada5e3dd8bb,2,5,7,2,5,7,5,7,2,5,7,5,7,2,5,7,5,7,2,5,7
47e64c6b-3fc1-4ebc-81fb-df28ceceeead,2,4,6,2,4,6,1,3,0,0,0,4,6,0,2,2,1,3,0,0,0
484c3d1c-4456-47c9-aef4-720210897a5a,3,3,6,3,3,6,3,6,3,3,6,3,6,3,3,6,3,6,3,3,6
4870d8d6-95ec-409d-9e33-9830f5ac3f81,2,2,4,2,2,4,2,4,2,2,4,2,4,2,2,4,2,4,2,2,4
488b43f0-a959-4a93-9eb7-f44c05b0a60b,1,6,7,1,6,7,6,7,1,6,7,5,6,1,5,6,1,2,1,1,2
489a5f29-8ef2-4218-8989-735f79e1ae48,2,7,9,0,0,0,7,9,0,0,0,7,9,0,0,0,1,3,0,0,0
48bcbc48-9956-4f31-9da3-3e7638a25a6c,2,4,6,0,0,0,4,6,0,0,0,4,6,0,0,0,1,3,0,0,0
496df330-c9f5-4fc9-b16a-c117440d0b2b,6,6,12,6,6,12,6,12,6,6,12,6,12,6,6,12,1,7,0,0,0
4a40b92e-4bed-4858-b1bd-ae9784d093d9,2,2,4,2,2,4,2,4,2,2,4,7,9,2,7,9,2,4,2,2,4
4aa4fccd-f694-4986-b4e5-10c5450444b5,2,8,10,2,8,10,8,10,2,8,10,8,10,2,8,10,2,4,2,2,4
4afac493-ce64-4ade-a1f9-9823de124428,18,18,36,18,18,36,18,36,18,18,36,18,36,18,18,36,18,36,18,18,36
4b687b22-9c17-46c0-8243-5ff88516aeab,5,6,11,5,6,11,6,11,5,6,11,6,11,5,6,11,6,11,5,6,11
4bbaedf7-4852-46a3-8c95-5a1709d49a62,1,4,5,1,4,5,4,5,1,4,5,4,5,1,4,5,1,2,0,0,0
4bc7607e-ac09-43d7-96cf-aba90db5a23e,3,2,5,2,2,4,2,5,2,2,4,5,8,2,2,4,1,4,0,0,0
4c2a9259-3421-411f-8136-b8bb7600a316,3,2,5,3,2,5,2,5,3,2,5,2,5,3,2,5,1,4,0,0,0
4c8b59f4-9b37-48d9-96a5-809ab9df7df2,2,2,4,2,2,4,2,4,2,2,4,2,4,2,2,4,2,4,2,2,4
4ca1e60c-9df9-400a-957e-87898a0ab3b9,2,3,5,2,3,5,3,5,2,3,5,3,5,2,3,5,2,4,2,2,4
4cd42d14-fa3e-49b7-a7d7-929c15f0c7a3,2,5,7,2,5,7,15,17,0,2,2,5,7,2,5,7,1,3,0,0,0
4ce0e258-546e-4422-adf5-a5d541ef55bb,2,2,4,2,2,4,2,4,0,2,2,2,4,2,2,4,2,4,0,0,0
4d8682a6-f304-4d88-9eea-c9be51a7d966,2,2,4,2,2,4,2,4,2,2,4,2,4,2,2,4,2,4,2,2,4
4dab5d79-288a-4416-a859-0b8949c1d32d,4,4,8,4,4,8,4,8,4,4,8,4,8,4,4,8,4,8,4,4,8
4ddb7d37-f38e-4ee4-b950-3a04439889a7,2,8,10,0,2,2,8,10,0,2,2,8,10,0,2,2,8,10,0,2,2
4deb2855-df1c-4cd7-a4c1-1ef5fa315aaf,3,3,6,3,3,6,3,6,3,3,6,3,6,3,3,6,3,6,3,3,6
4e567edf-84b8-472c-a72b-1da87ed091f1,3,5,8,3,5,8,5,8,3,5,8,5,8,3,5,8,1,4,0,0,0
4e8a3155-a525-42de-955d-4218af950d9c,12,14,26,12,14,26,2,14,0,2,2,14,26,12,14,26,1,13,0,0,0
4fd396fd-61ae-48c4-b4de-99bd55773225,2,5,7,2,5,7,2,4,2,2,4,5,7,2,5,7,2,4,2,2,4
509a1d19-8ec0-4ec1-a8ce-bba14b0eec22,2,5,7,2,5,7,5,7,2,5,7,5,7,2,5,7,2,4,2,2,4
50d0f3dc-bf59-4ab4-a159-6f57c4067774,2,2,4,0,0,0,2,4,0,0,0,2,4,0,0,0,1,3,0,0,0
50e4d5c0-94f6-4f30-8084-3ad5f1fb6d0b,2,6,8,2,6,8,6,8,2,6,8,6,8,2,6,8,2,4,2,2,4
51584cc1-16ad-42e3-ae6e-2b438dadddbe,5,4,9,5,4,9,4,9,5,4,9,4,9,5,4,9,4,9,5,4,9
515e4de5-d1a1-4987-a066-d1160270ec5a,10,17,27,2,10,12,17,27,2,10,12,17,27,2,10,12,1,11,0,0,0
516d88b6-045d-4dbf-87ee-c9b165ccb4cd,2,2,4,2,2,4,2,4,2,2,4,2,4,2,2,4,2,4,2,2,4
51707210-2a2a-4669-a07e-273224672e07,2,2,4,2,2,4,2,4,2,2,4,2,4,2,2,4,2,4,2,2,4
517ec32f-de93-4f7f-b2a7-8b6c3febc38b,5,11,16,0,0,0,9,14,0,0,0,11,16,0,0,0,1,6,0,0,0
5183b3f3-d4d0-44ba-92de-21ffa221c866,6,6,12,6,6,12,6,12,6,6,12,6,12,6,6,12,6,12,6,6,12
51cba380-0bf0-458f-9b4b-3a00823bbe5a,6,6,12,6,6,12,6,12,6,6,12,6,12,6,6,12,1,7,0,0,0
51ef4418-dc73-4e03-9e44-673194237d19,1,1,2,0,0,0,1,2,0,0,0,1,2,0,0,0,1,2,0,0,0
52450b40-1c87-4f78-bb61-468f532cb3f4,10,10,20,10,10,20,10,20,10,10,20,10,20,10,10,20,1,11,0,0,0
5265e0d3-7cc1-44e6-bdb1-f3b3b2bfb4de,6,6,12,6,6,12,6,12,6,6,12,6,12,6,6,12,6,12,6,6,12
529feb00-53da-48e2-be15-ca728a6601b2,2,6,8,2,6,8,7,9,0,0,0,11,13,0,2,2,1,3,0,0,0
52d54321-ba78-4c57-bd2b-2913b856bea3,2,7,9,2,7,9,7,9,2,7,9,7,9,0,2,2,2,4,0,0,0
52d57624-4c0b-4dbb-8577-d2a5a782697f,2,2,4,0,0,0,2,4,0,0,0,2,4,0,0,0,1,3,0,0,0
539c64f1-597b-4f81-bf7c-2db14995b453,2,4,6,2,4,6,4,6,2,4,6,5,7,2,5,7,2,4,2,2,4
53e317ac-9267-4588-9f1b-7970e2bfd12a,2,6,8,2,6,8,1,3,0,1,1,6,8,2,6,8,1,3,0,0,0
54249b85-9327-40ae-b0a8-c2c2213411b7,2,3,5,2,3,5,3,5,2,3,5,3,5,2,3,5,3,5,2,3,5
543ad823-b8d3-4811-9b10-542193d4d9bf,3,3,6,3,3,6,3,6,3,3,6,3,6,3,3,6,3,6,3,3,6
543ce19c-dacc-47de-b8a4-c9b15fb9a0e3,3,3,6,3,3,6,3,6,3,3,6,3,6,3,3,6,1,4,0,0,0
54cdb20c-b0cd-40fe-b70c-c370e3289010,2,2,4,2,2,4,2,4,2,2,4,2,4,2,2,4,2,4,2,2,4
55b8fcea-6123-4c60-b885-d2e2cef0b9b3,10,10,20,10,10,20,10,20,10,10,20,10,20,10,10,20,10,20,10,10,20
55d93bed-5e4f-400d-a7c7-0f0053e5edb6,1,10,11,1,10,11,1,2,1,1,2,10,11,1,10,11,1,2,1,1,2
5683b500-3137-4f65-8695-667285dd81e3,3,6,9,3,6,9,6,9,3,6,9,6,9,3,6,9,1,4,0,0,0
56a2a8e9-30eb-4f18-8598-87f7c6974caa,3,9,12,2,3,5,9,12,2,3,5,2,5,2,0,2,1,4,0,0,0
56a65784-43ae-4a8c-956c-d35e58ba3df5,3,14,17,2,2,4,14,17,2,2,4,14,17,2,2,4,1,4,0,0,0
570f5da0-cb1b-4d75-b4be-42e8b7b3b16b,1,2,3,1,2,3,2,3,1,2,3,7,8,1,7,8,1,2,1,1,2
571288a0-e255-4608-8d16-dcb1046c2ff0,7,9,16,0,0,0,9,16,0,0,0,7,14,0,0,0,1,8,0,0,0
5745e8ad-3f8d-4d3f-ac34-b50952d48427,3,2,5,3,2,5,2,5,3,2,5,2,5,3,2,5,2,5,3,2,5
575c27e8-8a07-4241-a8f2-438d719d6d1e,2,8,10,2,8,10,8,10,2,8,10,8,10,2,8,10,2,4,2,2,4
57761916-58d1-43a2-a66f-d2856d3247f9,3,2,5,3,2,5,2,5,3,2,5,2,5,3,2,5,1,4,0,0,0
57922908-f01c-435b-b176-39fc1185e5f0,4,4,8,0,0,0,4,8,0,0,0,4,8,0,0,0,1,5,0,0,0
57b28ad8-650c-45c1-9001-e49f3657c2fe,2,2,4,2,2,4,2,4,2,2,4,2,4,2,2,4,2,4,2,2,4
57b8e930-b479-4db7-96a4-2d31ef4aef90,4,4,8,4,4,8,4,8,4,4,8,4,8,4,4,8,1,5,0,0,0
58149513-d309-4534-b255-0a9f0abce7a9,10,11,21,10,11,21,11,21,10,11,21,11,21,10,11,21,11,21,10,11,21
582220a5-fe8b-4875-b419-3f4330f1715e,4,4,8,4,4,8,4,8,4,4,8,4,8,4,4,8,4,8,4,4,8
5829e7f8-f726-4374-967f-02eb6c9bdfde,10,7,17,0,0,0,7,17,0,0,0,7,17,0,0,0,1,11,0,0,0
582c8fff-d716-4538-bba1-4a28b20a3582,2,7,9,0,7,7,7,9,0,7,7,7,9,0,7,7,7,9,0,7,7
5851913c-7191-4daa-b607-ec22cc3b925e,2,3,5,0,0,0,3,5,0,0,0,3,5,0,0,0,1,3,0,0,0
5869143f-228d-410c-817b-18b5a2393271,2,2,4,0,2,2,2,4,0,2,2,2,4,0,2,2,2,4,0,2,2
58ca8cb0-ba51-4714-8e86-32d1223b0e84,2,4,6,2,4,6,3,5,2,3,5,2,4,2,2,4,1,3,2,1,3
58cff4aa-b3d9-4462-9e73-df2bc7c46ba8,5,4,9,2,4,6,4,9,2,4,6,4,9,2,4,6,1,6,0,0,0
5923cfcc-e127-445d-bea7-e4d9314d58fe,16,16,32,16,16,32,16,32,16,16,32,16,32,16,16,32,1,17,0,0,0
59895478-5a01-41dd-b2df-3ead92d281cb,3,3,6,2,2,4,3,6,2,2,4,2,5,2,0,2,1,4,0,0,0
59d6457f-b5bb-40b7-9c20-fc6ca700d76f,2,2,4,2,2,4,2,4,2,2,4,2,4,2,2,4,1,3,0,0,0
5a1bd85a-1504-493c-bce3-32fd5f3122f5,4,2,6,0,2,2,2,6,0,2,2,2,6,0,2,2,2,6,0,2,2
5aeb1632-62f7-45e4-926a-58d9b74b9225,3,4,7,3,4,7,4,7,3,4,7,4,7,3,4,7,4,7,3,4,7
5bb07fbe-81bf-4625-8e9e-cb412299f869,4,4,8,4,4,8,4,8,4,4,8,4,8,4,4,8,4,8,4,4,8
5c01cb2a-0fca-4454-a0e1-28d04da44873,1,1,2,0,0,0,2,3,1,2,3,1,2,0,0,0,2,3,1,2,3
5c05de76-2dff-456e-b7eb-ca61aff3ee2d,2,2,4,2,2,4,2,4,2,2,4,2,4,2,2,4,2,4,2,2,4
5c40abca-66e6-4a94-9ea0-ef29b10ebcce,2,4,6,2,4,6,4,6,2,4,6,4,6,2,4,6,1,3,0,0,0
5ce7f2a0-b015-4f01-bb5d-df120810cffe,2,6,8,2,6,8,2,4,0,0,0,6,8,2,6,8,1,3,0,0,0
5d21bef6-0174-46f4-b018-25a90fd11ce9,2,3,5,0,0,0,3,5,0,0,0,3,5,0,0,0,1,3,0,0,0
5d2b1412-68f5-4e39-bfed-344baf765856,1,1,2,0,0,0,1,2,0,0,0,1,2,0,0,0,1,2,0,0,0
5d3321d9-8781-46ce-bc76-ce667ba46a05,2,2,4,2,2,4,3,5,2,3,5,2,4,2,2,4,1,3,0,0,0
5d41e44c-b039-4be5-95ed-37b24f967e3e,2,6,8,2,6,8,6,8,2,6,8,6,8,2,6,8,2,4,2,2,4
5da0edb3-838b-4625-837a-e9c781e99f94,2,6,8,2,6,8,6,8,2,6,8,6,8,2,6,8,6,8,2,6,8
5dac1287-73b9-4aed-8007-fd4a98483097,2,2,4,2,2,4,2,4,2,2,4,2,4,2,2,4,2,4,2,2,4
5db4dfa6-4a60-459a-bf45-a0122cd433aa,2,1,3,2,1,3,1,3,2,1,3,1,3,2,1,3,2,4,2,2,4
5dcb3460-cd38-48e0-a512-e353cf5a1228,4,4,8,4,4,8,4,8,4,4,8,4,8,4,4,8,4,8,4,4,8
5dd95063-c565-41c2-832f-f9e9b6a30b6a,2,5,7,2,5,7,2,4,2,0,2,5,7,2,5,7,2,4,0,0,0
5deb8815-e4c5-4425-93d1-9aafc29a272b,2,2,4,2,2,4,2,4,2,2,4,2,4,2,2,4,2,4,2,2,4
5e826f30-a5a5-4e82-a713-30d5f08d2156,2,2,4,2,2,4,2,4,2,2,4,5,7,2,5,7,2,4,2,2,4
5e87088e-bd6c-4c4d-9748-3224eeb1101f,11,11,22,11,11,22,11,22,11,11,22,11,22,11,11,22,11,22,11,11,22
5ea2ee82-94b9-4151-8f83-7bbc33d0dad7,2,5,7,0,0,0,5,7,0,0,0,5,7,0,0,0,1,3,0,0,0
5eb93641-6073-4b70-97f8-6660d7be3611,3,5,8,3,5,8,5,8,3,5,8,9,12,0,3,3,1,4,0,0,0
5ef94a73-62e1-4b32-8207-5ee38ab89798,4,4,8,4,4,8,4,8,4,4,8,4,8,4,4,8,1,5,0,0,0
5f018ca5-f124-4f72-8a59-6dd5da43131e,3,4,7,3,4,7,4,7,3,4,7,4,7,3,4,7,1,4,0,0,0
5f6c029e-24bc-4f97-952a-1418b195037f,4,4,8,4,4,8,4,8,4,4,8,4,8,4,4,8,4,8,4,4,8
5fc6b700-ee27-4581-a532-4b1b4a303321,7,7,14,7,7,14,7,14,7,7,14,7,14,7,7,14,7,14,7,7,14
604b5dd1-1bd5-4dd3-8cba-77a40ae804d7,4,4,8,4,4,8,4,8,4,4,8,4,8,4,4,8,4,8,4,4,8
61bca582-3f97-4d4d-aaab-c2a8054cbdb1,5,5,10,5,5,10,5,10,5,5,10,5,10,5,5,10,2,7,2,2,4
62f333a6-f504-453c-9b28-f157606e1827,4,4,8,4,4,8,4,8,4,4,8,4,8,4,4,8,1,5,0,0,0
62fcfbef-7de7-49c1-bdbc-5c93f27df565,6,7,13,6,7,13,7,13,6,7,13,7,13,6,7,13,7,13,6,7,13
63068103-aa5b-46e3-bcca-1f3802c41859,2,3,5,2,3,5,3,5,2,3,5,4,6,2,4,6,2,4,2,2,4
631a3713-4ddf-47db-8d54-6f4875790208,2,4,6,0,2,2,4,6,0,2,2,4,6,0,2,2,4,6,0,2,2
6325ffde-5cfa-4f04-9a32-5b360b2382eb,5,6,11,5,6,11,6,11,5,6,11,6,11,5,6,11,6,11,5,6,11
636f96ea-b947-413e-a8b7-2ee3fc8f40c6,5,7,12,0,5,5,7,12,0,5,5,7,12,0,5,5,7,12,0,5,5
63756601-6f10-476a-adfb-49fdc9f3df50,2,2,4,2,2,4,2,4,2,2,4,2,4,2,2,4,2,4,0,0,0
6382968d-a46a-4825-848e-e0f20cef0b66,2,4,6,2,4,6,4,6,0,0,0,4,6,0,2,2,2,4,0,0,0
63aa4f19-2dc4-4901-8cd4-d33e9ac311bb,6,5,11,6,5,11,5,11,6,5,11,5,11,6,5,11,5,11,6,5,11
63b42d52-b8ae-45bd-8be1-c435430e75ec,6,6,12,6,6,12,6,12,6,6,12,6,12,6,6,12,6,12,6,6,12
63bac013-600d-4a45-820f-17ecb5c1ee4b,2,2,4,2,2,4,2,4,2,2,4,2,4,2,2,4,1,3,0,0,0
63bb0726-1c48-47bb-b8e4-ad4308b37f24,2,4,6,2,4,6,6,8,2,6,8,4,6,2,4,6,2,4,2,2,4
64143f3a-09a9-4800-b675-1491f1f19ac0,7,7,14,7,7,14,7,14,7,7,14,7,14,7,7,14,7,14,7,7,14
642be423-fc15-4c01-9803-ed0a3d15d593,6,10,16,0,6,6,10,16,0,6,6,10,16,0,6,6,10,16,0,6,6
644a5b9f-013a-4548-9333-60eac7737ef4,1,1,2,1,1,2,1,2,1,1,2,1,2,1,1,2,1,2,1,1,2
647f7d8c-fd68-4222-93bb-0bc03f3516e9,2,2,4,0,2,2,2,4,0,2,2,2,4,0,2,2,2,4,0,2,2
650e7a48-b2fd-4b67-8839-4b60c8463172,3,2,5,3,2,5,2,5,3,2,5,2,5,3,2,5,1,4,0,0,0
65343aa2-9232-4796-8b32-e310a7489e62,8,8,16,8,8,16,8,16,8,8,16,8,16,8,8,16,8,16,8,8,16
65725db8-6435-4d41-a66f-ac549ec6eafb,4,4,8,4,4,8,4,8,4,4,8,4,8,4,4,8,4,8,4,4,8
6593e9ed-acd9-42cf-aeae-b3a04f70cfad,2,2,4,2,2,4,2,4,2,2,4,2,4,2,2,4,1,3,0,0,0
66362618-983b-4cc3-99dd-4266298474bf,2,5,7,2,5,7,5,7,2,5,7,5,7,2,5,7,2,4,2,2,4
6682c918-4cfb-4266-884e-5bfdd0bcaae6,8,9,17,8,9,17,9,17,8,9,17,9,17,8,9,17,9,17,8,9,17
66915db5-4418-40d3-8b2e-a2af017c7882,6,3,9,0,0,0,3,9,0,0,0,3,9,0,0,0,2,8,0,0,0
66c8809a-871b-43cd-80b1-81320554403e,3,6,9,2,2,4,6,9,2,2,4,6,9,2,2,4,1,4,0,0,0
677e8d37-dbfd-455c-ba56-dbc84aa20b82,21,22,43,21,22,43,22,43,21,22,43,22,43,21,22,43,22,43,21,22,43
67848a70-32bd-403b-bbde-91632b7ab9a5,2,2,4,0,0,0,2,4,0,0,0,2,4,0,0,0,1,3,0,0,0
67b0abbe-2acc-4875-b390-6acf736c938e,2,2,4,2,2,4,2,4,2,2,4,2,4,2,2,4,2,4,2,2,4
67d2dcca-680e-478c-9acd-4ee47cd5febf,2,3,5,2,3,5,3,5,2,3,5,3,5,2,3,5,1,3,0,0,0
689c5df1-adad-4acc-bb25-33fc388b4d52,3,3,6,3,3,6,3,6,3,3,6,3,6,3,3,6,3,6,3,3,6
689d11f0-a5e6-4671-889a-90ce8a1f8cd3,3,4,7,2,2,4,4,7,2,2,4,2,5,2,0,2,1,4,0,0,0
6944420a-e474-4268-8b9a-1051b330901c,2,4,6,2,4,6,4,6,2,4,6,4,6,2,4,6,2,4,0,0,0
69748742-f7cb-4cf1-ae64-4ba33d0f30de,2,1,3,2,1,3,1,3,2,1,3,4,6,2,4,6,2,4,2,2,4
69c34ca1-6ff9-432c-a1e0-92d4d3f6fa51,2,6,8,2,6,8,6,8,2,6,8,6,8,2,6,8,2,4,2,2,4
69d6c0c4-7b81-4484-bc51-ca8fa1748110,7,6,13,7,6,13,6,13,7,6,13,6,13,7,6,13,6,13,7,6,13
6a3580e7-8608-4d2b-9fc8-be85dd3487b3,2,2,4,2,2,4,2,4,2,2,4,5,7,2,5,7,1,3,2,1,3
6a50a51a-9dfa-487a-9b48-3ede59c861dd,2,11,13,2,11,13,11,13,2,11,13,2,4,2,2,4,2,4,2,2,4
6a56fea4-2090-4ba5-abd1-c01d786914cf,5,2,7,0,0,0,2,7,0,0,0,2,7,0,0,0,1,6,0,0,0
6ab49338-1106-4a7e-8270-0a6b4b82f043,7,7,14,7,7,14,7,14,7,7,14,7,14,7,7,14,7,14,7,7,14
6af32e56-f0c5-4d79-9e4a-8f1effafc0e7,2,13,15,2,13,15,13,15,2,13,15,17,19,2,17,19,2,4,2,2,4
6b321dba-eb3d-4662-9ead-7df6549a4abe,2,3,5,2,3,5,3,5,2,3,5,2,4,2,2,4,2,4,2,2,4
6b8e2890-d6ea-419c-9687-a4d046734700,6,8,14,6,8,14,8,14,6,8,14,8,14,6,8,14,8,14,6,8,14
6bb51e1f-e475-411a-9a4d-955628d773b7,2,2,4,2,2,4,2,4,2,2,4,2,4,2,2,4,2,4,2,2,4
6c77fedf-fa39-484a-9365-076b4cea25f4,2,2,4,0,0,0,2,4,0,0,0,2,4,0,0,0,1,3,0,0,0
6c9f8d00-004d-4a4b-9dfb-a8aa9dd8056f,3,2,5,3,2,5,2,5,3,2,5,2,5,3,2,5,1,4,0,0,0
6cf7f677-31fa-4a8c-b7a7-575ac846df54,2,2,4,2,2,4,2,4,0,2,2,2,4,2,2,4,1,3,0,0,0
6d6dddfb-e74e-457d-8cf0-89df299ffddc,2,6,8,0,0,0,6,8,0,0,0,6,8,0,0,0,1,3,0,0,0
6d702183-1cae-40fe-bd0c-c42dfa268893,2,4,6,2,4,6,4,6,2,4,6,4,6,2,4,6,1,3,0,0,0
6d87d517-1c09-4134-8f9a-202c5c01e6d2,2,2,4,0,0,0,2,4,0,0,0,2,4,0,0,0,1,3,0,0,0
6d9cf037-87f6-41df-a59a-c5cc108dd212,2,5,7,0,0,0,5,7,0,0,0,5,7,0,0,0,1,3,0,0,0
6e1406b0-f526-4cf2-9a7c-2a63e5395fc2,2,6,8,2,6,8,6,8,2,6,8,5,7,0,2,2,1,3,0,0,0
6e2cec25-83a9-4714-8d6e-2763c4ea53d2,9,7,16,0,0,0,5,14,0,0,0,7,16,0,0,0,1,10,0,0,0
6f187edc-8365-4f6e-8c59-b8a0446b1907,2,3,5,2,3,5,3,5,2,3,5,3,5,2,3,5,3,5,2,3,5
6f47bc7e-5af3-46dd-ab2e-d3cd255351dc,2,2,4,2,2,4,2,4,2,2,4,2,4,2,2,4,2,4,2,2,4
6f6b9877-4822-4d0d-bf67-e2611acf847c,5,5,10,5,5,10,5,10,5,5,10,5,10,5,5,10,5,10,5,5,10
7049b75e-6d13-49c5-a457-deaf131698ec,2,5,7,2,5,7,5,7,2,5,7,1,3,2,1,3,2,4,2,2,4
716ed644-8bbe-4384-8cde-6b95843d112f,2,2,4,2,2,4,2,4,0,0,0,2,4,2,2,4,1,3,0,0,0
720533ae-882c-4e79-87e8-7e44436a1d5b,3,4,7,3,4,7,4,7,3,4,7,11,14,0,3,3,1,4,0,0,0
72a84849-7be1-41ca-80a0-18255f1c9586,2,4,6,0,0,0,4,6,0,0,0,4,6,0,0,0,1,3,0,0,0
730a446c-0639-4583-b9d4-f0337f560e21,7,5,12,0,0,0,2,9,0,0,0,5,12,0,0,0,1,8,0,0,0
737c73c8-5b19-4347-aa9a-c3204b495cb0,3,6,9,2,2,4,6,9,2,2,4,2,5,2,2,4,1,4,0,0,0
739a4f29-8495-4ea1-9bef-5378b4b02a27,2,2,4,2,2,4,2,4,2,2,4,2,4,2,2,4,2,4,2,2,4
73c09e10-6996-41c9-a4c5-9288413f7a62,4,4,8,4,4,8,4,8,4,4,8,4,8,4,4,8,4,8,4,4,8
7431d302-186d-468f-91d2-d7f93164423b,5,4,9,5,4,9,4,9,5,4,9,4,9,5,4,9,1,6,0,0,0
74488d06-47f5-4191-a1c3-6d069a8def99,2,6,8,0,0,0,6,8,0,0,0,6,8,0,0,0,1,3,0,0,0
745f2e28-38ac-4c2e-855b-625533bf4f4e,3,10,13,2,2,4,10,13,2,2,4,8,11,2,2,4,1,4,0,0,0
7472a298-e487-4999-b9a8-9fbc68f25923,8,7,15,8,7,15,7,15,8,7,15,7,15,8,7,15,1,9,0,0,0
749055b4-20ff-42ff-ba86-6a9e4f7e7664,3,5,8,3,5,8,5,8,3,5,8,2,5,0,2,2,1,4,0,0,0
74aafdd6-a082-4982-bd5b-1349aab77795,2,2,4,2,2,4,2,4,2,2,4,2,4,2,2,4,1,3,0,0,0
74b1bc2a-7eb3-4a16-98cb-1781fde16a82,1,1,2,0,0,0,2,3,1,2,3,1,2,0,0,0,2,3,1,2,3
74c8e815-f2f5-4f0a-af23-8e413e68331b,2,2,4,2,2,4,2,4,2,2,4,2,4,2,2,4,2,4,2,2,4
74ccfa15-d010-4bb3-ae24-d04aab4900ab,3,5,8,3,5,8,5,8,3,5,8,9,12,0,3,3,1,4,0,0,0
74ce7cd3-918f-468a-a282-73148d7cda07,5,5,10,5,5,10,5,10,5,5,10,5,10,5,5,10,5,10,5,5,10
755957dc-e60d-4bab-95e4-642010293916,12,14,26,12,14,26,14,26,12,14,26,14,26,12,14,26,14,26,12,14,26
75becf2f-3b6f-4231-ab03-ddf0bd8c6747,2,5,7,2,5,7,5,7,2,5,7,5,7,2,5,7,1,3,0,0,0
75c27bbf-71df-438c-9b5a-fe95e1cb31e0,2,4,6,2,4,6,4,6,2,4,6,4,6,2,4,6,4,6,2,4,6
761b4e9f-2077-4aab-88ae-12691f4a28e0,2,9,11,2,9,11,9,11,2,9,11,9,11,2,9,11,9,11,2,9,11
76c3e4f7-2b3e-4989-a7f1-3960201e952a,16,16,32,16,16,32,16,32,16,16,32,16,32,16,16,32,16,32,16,16,32
77080d3d-8f07-4a92-a88a-b48213fdd0ad,2,2,4,2,2,4,2,4,2,2,4,2,4,2,2,4,2,4,2,2,4
7729cc04-2653-4679-9f63-34e3b2783f82,2,2,4,2,2,4,2,4,2,2,4,2,4,2,2,4,2,4,2,2,4
774bd9c9-601b-47a9-a0d7-4acdb237d22d,2,5,7,2,5,7,5,7,2,5,7,5,7,2,5,7,2,4,2,2,4
77886076-0675-490e-9097-fb52713a721b,2,5,7,2,5,7,5,7,2,5,7,5,7,2,5,7,2,4,2,2,4
77d0f16a-f922-4ea9-aba8-74615c851610,5,5,10,5,5,10,5,10,5,5,10,5,10,5,5,10,5,10,5,5,10
77ec1f35-871a-46f5-b045-569808cf9a3a,3,2,5,0,2,2,2,5,0,2,2,2,5,0,2,2,1,4,0,0,0
7823ce2e-6d4d-466d-9254-01ae2abddb1b,2,2,4,0,2,2,2,4,0,2,2,2,4,0,2,2,2,4,0,2,2
786c7320-bba2-49f3-a5ce-b3663cd58ac7,4,3,7,4,3,7,3,7,4,3,7,3,7,4,3,7,3,7,4,3,7
789e44b4-b3fa-4532-856d-c9af9bc615db,2,5,7,2,5,7,5,7,2,5,7,5,7,2,5,7,2,4,2,2,4
78d9a33d-b681-434e-ae35-8554e10ef13f,2,5,7,2,5,7,5,7,2,5,7,5,7,2,5,7,2,4,2,2,4
7912d476-9e9c-40aa-8269-bdab8e213d1d,3,5,8,3,5,8,5,8,3,5,8,3,6,0,3,3,1,4,0,0,0
793a5174-f073-4556-968b-51575782fa70,6,7,13,6,7,13,7,13,6,7,13,7,13,6,7,13,1,7,0,0,0
796f6288-4f27-4515-8c96-302c41dc56d9,3,10,13,3,10,13,10,13,3,10,13,10,13,3,10,13,1,4,0,0,0
798e0012-e377-4252-8d34-414501a35779,3,1,4,3,1,4,1,4,3,1,4,5,8,2,1,3,1,4,0,0,0
79cbb27e-2e94-4e8b-b457-f919e5db0cd6,2,8,10,2,8,10,8,10,2,8,10,8,10,2,8,10,8,10,2,8,10
79fb983b-cfc8-4388-94d9-38a3e63e0941,2,4,6,2,4,6,4,6,2,4,6,4,6,2,4,6,2,4,2,2,4
7a5a0dc1-70bd-4a0f-b818-58ddffc0622b,2,3,5,2,3,5,3,5,2,3,5,6,8,0,2,2,1,3,0,0,0
7a5a73f4-e5de-4362-9afc-ef80516b14b1,2,2,4,2,2,4,5,7,0,0,0,2,4,2,2,4,1,3,0,0,0
7a6a8f8f-d902-4415-9d64-65ddcd8f6cac,2,8,10,0,0,0,8,10,0,0,0,8,10,0,0,0,2,4,0,0,0
7aa05129-d80d-4290-a18f-be75df04af8b,2,3,5,2,3,5,3,5,2,3,5,3,5,2,3,5,2,4,2,2,4
7aa6ed1f-c658-4de2-8de1-4fbd7cf0bf36,1,1,2,0,0,0,1,2,0,0,0,1,2,0,0,0,1,2,0,0,0
7ab187f1-72f9-4eae-808d-f670324db78f,1,5,6,1,5,6,5,6,1,5,6,5,6,1,5,6,1,2,1,1,2
7ad009a0-d136-453a-9ef9-4902a0f88391,3,7,10,2,2,4,7,10,2,2,4,2,5,2,2,4,1,4,0,0,0
7ae00d18-6128-4832-a736-dba0f94bfbcb,1,9,10,1,9,10,6,7,1,6,7,9,10,1,9,10,1,2,1,1,2
7b130242-7492-4817-8d11-bf06d0002aeb,3,2,5,3,2,5,2,5,3,2,5,2,5,3,2,5,1,4,0,0,0
7b2f0fb8-11e8-4894-9d53-40892ba1cf41,2,2,4,2,2,4,2,4,2,2,4,2,4,2,2,4,2,4,2,2,4
7b52de54-4ee4-4aa1-9496-2e3782ff60d8,3,13,16,2,2,4,13,16,2,2,4,2,5,2,2,4,1,4,0,0,0
7b649acd-6c30-41f9-84e0-8bb3d0320c28,3,4,7,3,4,7,4,7,3,4,7,4,7,3,4,7,1,4,0,0,0
7b9603f9-a531-46f8-bd8c-02578788506e,9,4,13,0,0,0,4,13,0,0,0,4,13,0,0,0,1,10,0,0,0
7bd8b237-31f2-438b-a9dc-fd29cdae1a1e,3,4,7,3,4,7,4,7,3,4,7,4,7,3,4,7,1,4,0,0,0
7be262b1-deb8-4cbd-a5d6-82abd855a2f7,2,3,5,2,3,5,3,5,2,3,5,3,5,2,3,5,2,4,2,2,4
7c39e502-e38f-4d5f-a4d2-38023db9cf7f,3,2,5,3,2,5,2,5,3,2,5,2,5,3,2,5,1,4,0,0,0
7c661db5-9a0b-400c-8d7e-d46dc4af69d8,2,4,6,2,4,6,4,6,2,4,6,4,6,2,4,6,2,4,0,0,0
7c7f82f4-a252-43d5-9cdd-5430149fd055,1,1,2,0,0,0,1,2,0,0,0,1,2,0,0,0,1,2,0,0,0
7c9b2d04-7581-4732-89c4-f266fa72096f,3,6,9,2,2,4,6,9,2,2,4,2,5,2,2,4,1,4,0,0,0
7cb164d2-ba98-4903-a049-9254730c3a97,2,3,5,2,3,5,3,5,2,3,5,3,5,2,3,5,2,4,2,2,4
7cd04f0c-0fe5-4a0b-b07a-c3e02856d5c7,6,6,12,6,6,12,6,12,6,6,12,6,12,6,6,12,1,7,0,0,0
7ce47b00-bef3-45e2-b167-ef2098527f5b,2,3,5,2,3,5,3,5,2,3,5,3,5,2,3,5,2,4,2,2,4
7d03c9fd-630f-4cff-b4f2-e0896edfe85f,2,2,4,2,2,4,2,4,2,2,4,2,4,2,2,4,1,3,0,0,0
7d113005-908f-4281-a36f-c7bb461ac862,2,7,9,2,7,9,7,9,2,7,9,7,9,2,7,9,2,4,2,2,4
7d1a4bc8-ffa7-49e4-a502-aa75c3d308f5,2,1,3,2,1,3,2,4,2,2,4,1,3,2,1,3,2,4,2,2,4
7d72d009-0e3b-47cb-a951-31967f662fef,2,2,4,2,2,4,2,4,0,2,2,2,4,2,2,4,1,3,0,0,0
7d7ea218-0f49-4cae-a374-a5ec3068c6bb,2,8,10,0,2,2,8,10,0,2,2,8,10,0,2,2,8,10,0,2,2
7d993d7d-2402-4664-911e-5a4b3b97a9a6,3,2,5,2,2,4,2,5,2,2,4,2,5,2,0,2,1,4,0,0,0
7db29848-aec2-4117-bf27-c22f4b6a6d8d,2,4,6,2,4,6,4,6,2,4,6,4,6,2,4,6,1,3,0,0,0
7dd9ddee-e7f0-4ecc-b4ce-40a1873df54e,3,7,10,2,2,4,7,10,2,2,4,2,5,2,0,2,1,4,0,0,0
7e10d4d4-3bd2-465f-afc7-e26ab57e6e7d,2,3,5,2,3,5,3,5,2,3,5,3,5,2,3,5,1,3,0,0,0
7e59e9cb-e48b-4468-aaf8-b5aac5ffc81d,2,7,9,2,7,9,1,3,2,1,3,7,9,2,7,9,2,4,2,2,4
7e5f6131-8195-4427-bbf7-eabab83c0fb7,2,5,7,2,5,7,5,7,2,5,7,5,7,2,5,7,2,4,2,2,4
7e738d6c-8c66-42af-83ce-98a44356b3ce,5,4,9,5,4,9,4,9,5,4,9,4,9,5,4,9,1,6,0,0,0
7ef54ba1-9418-453b-a1e4-ebc71169c2cd,2,7,9,2,7,9,7,9,2,7,9,7,9,2,7,9,2,4,2,2,4
7f36ff97-fa07-482b-b98f-5582718d3fbd,5,8,13,0,0,0,8,13,0,0,0,8,13,0,0,0,1,6,0,0,0
7fcd6c9e-07a0-40b4-9d7b-2896e9c0b852,2,8,10,0,0,0,8,10,0,0,0,8,10,0,0,0,1,3,0,0,0
80226a02-a824-4df7-b091-9877aad3774e,5,4,9,0,0,0,2,7,0,0,0,4,9,0,0,0,1,6,0,0,0
804b93bf-8703-49cf-a0a5-000698c05252,6,5,11,6,5,11,5,11,6,5,11,5,11,6,5,11,5,11,6,5,11
807b8ffe-9d38-42be-9ada-3b3c075f8d1f,2,2,4,2,2,4,2,4,2,2,4,2,4,2,2,4,2,4,2,2,4
80a4c4c3-aea9-4dae-b3d2-8a81b54e8699,3,10,13,0,3,3,10,13,0,3,3,10,13,0,3,3,10,13,0,3,3
80a5e870-ad5f-477a-91db-20d76b00e18c,1,6,7,1,6,7,6,7,1,6,7,5,6,1,5,6,2,3,1,2,3
80b2bd63-7572-4aca-964a-78ab9c4575b2,4,4,8,4,4,8,4,8,4,4,8,4,8,4,4,8,4,8,4,4,8
80bdeb1f-7b82-4bdf-aace-4a7730d00d80,2,6,8,2,6,8,2,4,2,2,4,2,4,2,2,4,2,4,2,2,4
80fdcf96-c17f-4cb3-82a4-bb4ddd7305b4,3,11,14,3,11,14,11,14,3,11,14,11,14,3,11,14,1,4,0,0,0
813320f0-7e76-4d6c-8afe-be0a9d3c072d,8,7,15,8,7,15,7,15,8,7,15,7,15,8,7,15,7,15,8,7,15
8137ed2d-667f-406e-9bca-2915f5c3feec,3,3,6,3,3,6,3,6,3,3,6,3,6,3,3,6,2,5,2,2,4
813ed0b2-e965-4a1c-8282-b8ced84791ae,3,3,6,2,2,4,3,6,2,2,4,1,4,2,1,3,1,4,0,0,0
8166477f-e999-4444-aab0-adf86534c894,2,2,4,2,2,4,2,4,2,2,4,2,4,2,2,4,2,4,0,0,0
81ccd4fe-fdb8-49a2-98aa-df4d356e4c23,5,6,11,5,6,11,6,11,5,6,11,6,11,5,6,11,6,11,5,6,11
8204dad1-5719-4f07-9466-d050807b4b64,2,2,4,2,2,4,2,4,2,2,4,2,4,2,2,4,2,4,2,2,4
82119390-dd5c-4f82-9b65-d0a3c62917f9,2,2,4,2,2,4,2,4,2,2,4,2,4,2,2,4,2,4,2,2,4
823465f4-b29f-45cc-804d-cf119ebc485f,2,2,4,0,2,2,1,3,2,1,3,2,4,2,2,4,2,4,2,2,4
82ba3dac-f3b0-460c-8b63-083725020082,3,5,8,2,2,4,5,8,2,2,4,2,5,2,2,4,1,4,0,0,0
82c2a750-2a0a-4ddc-b624-45bbf5d162f1,2,2,4,2,2,4,2,4,2,2,4,2,4,0,2,2,1,3,0,0,0
82d323e1-dfb8-478d-9ebd-1e53571dcf42,2,6,8,2,6,8,6,8,2,6,8,6,8,2,6,8,2,4,2,2,4
83453509-270e-4e25-8e94-15ee65f28173,1,5,6,1,5,6,1,2,1,1,2,5,6,1,5,6,1,2,1,1,2
83ee8398-0803-4862-80d4-36dc8b8bff28,2,4,6,2,4,6,2,4,0,2,2,4,6,2,4,6,1,3,0,0,0
83f275ae-863a-4923-9454-7403b731ef51,3,4,7,1,3,4,4,7,1,3,4,4,7,1,3,4,1,4,0,0,0
845c953d-3807-46bc-a2fe-1d92007f671e,2,2,4,0,2,2,2,4,0,2,2,2,4,0,2,2,2,4,0,2,2
851ed437-eb9a-4991-8743-aff78996e0b5,5,11,16,1,5,6,11,16,1,5,6,11,16,1,5,6,1,6,0,0,0
85369bb5-08a6-474c-bb36-fe55656efae8,2,11,13,2,11,13,2,4,0,0,0,13,15,0,2,2,1,3,0,0,0
85a73b8a-81cc-44f8-ad58-2439694225f1,1,8,9,1,8,9,7,8,1,7,8,8,9,1,8,9,1,2,1,1,2
85e44f89-e350-471f-9f7b-fe21e2f90006,3,3,6,3,3,6,3,6,3,3,6,3,6,3,3,6,3,6,3,3,6
86b18076-0e0d-4fb4-99c8-a1dd6dfccaf1,2,2,4,0,2,2,2,4,0,2,2,2,4,0,2,2,1,3,0,1,1
86c21481-ee9d-4144-a7f9-437f3e0b6266,2,2,4,2,2,4,2,4,2,2,4,2,4,2,2,4,1,3,0,0,0
86c7f5ff-0571-457b-a18a-073b09004cbe,3,2,5,3,2,5,2,5,3,2,5,2,5,3,2,5,1,4,0,0,0
870aa3d3-0bad-4173-9574-93300dc9dc76,2,3,5,2,3,5,3,5,2,3,5,3,5,2,3,5,1,3,0,0,0
870bdd2a-15ee-434f-9384-ab783a894499,2,3,5,2,3,5,2,4,2,2,4,3,5,2,3,5,2,4,2,2,4
873d702c-3a90-4fc4-aadb-1938c81d6dea,2,3,5,2,3,5,3,5,2,3,5,3,5,2,3,5,2,4,2,2,4
873fbee6-a662-44e0-8763-4a65eca0c77d,2,5,7,2,5,7,2,4,0,2,2,5,7,2,5,7,1,3,0,0,0
87e848fa-3a1b-49a5-9be1-d3942417d7ae,5,4,9,0,0,0,2,7,0,0,0,4,9,0,0,0,1,6,0,0,0
8803cd56-9a7b-4e5d-9d2a-697461b9c9b1,5,5,10,5,5,10,2,7,2,2,4,5,10,5,5,10,1,6,0,0,0
882ff20e-063b-4615-9206-a0da4e03076b,3,5,8,3,5,8,5,8,3,5,8,2,5,2,0,2,1,4,0,0,0
88599bd9-63f2-40a7-9705-9ad31f184bb1,3,4,7,3,4,7,4,7,3,4,7,4,7,3,4,7,1,4,0,0,0
8861eecf-bf6a-4e7e-a54a-0c7ae898b096,2,3,5,2,3,5,3,5,2,3,5,3,5,2,3,5,2,4,2,2,4
88765076-8a0e-4dcf-86db-d9c292e1c619,9,9,18,0,0,0,9,18,0,0,0,9,18,0,0,0,1,10,0,0,0
888cb77b-26e2-44b4-b70c-952b980cb59f,9,10,19,9,10,19,10,19,9,10,19,10,19,9,10,19,10,19,9,10,19
889fe3e1-a5a2-415c-aa3b-b82d49f5d3f3,7,9,16,7,9,16,9,16,7,9,16,9,16,7,9,16,2,9,2,2,4
88a9ccdb-065c-4274-b6a0-bf691bafc3f9,2,4,6,2,4,6,4,6,2,4,6,4,6,2,4,6,4,6,2,4,6
88ef99dc-3969-4996-b7df-62c5ddeee4e4,6,6,12,6,6,12,6,12,6,6,12,6,12,6,6,12,6,12,6,6,12
8913c244-aefa-4221-bdaa-00ce9ac4f958,3,4,7,2,2,4,4,7,2,2,4,2,5,2,0,2,1,4,0,0,0
89bbe774-0639-4f2b-8211-6ca00f3e1605,9,10,19,9,10,19,10,19,9,10,19,10,19,9,10,19,10,19,9,10,19
8a48630f-0a16-4819-8dd4-dd4d25315c7b,2,5,7,2,5,7,5,7,2,5,7,2,4,2,2,4,1,3,0,0,0
8a75ee4e-a3ad-42e2-ad0d-9100fec53fce,3,4,7,3,4,7,4,7,3,4,7,7,10,0,3,3,1,4,0,0,0
8bbc8b88-d3a7-4040-8a47-96e7aff3b717,3,1,4,3,1,4,1,4,3,1,4,4,7,2,1,3,1,4,0,0,0
8bcb96a6-c851-40ba-88d7-1f767d916b08,10,10,20,10,10,20,10,20,10,10,20,10,20,10,10,20,1,11,0,0,0
8be3fd64-e72b-497b-9531-b0a35a6fb76c,2,2,4,2,2,4,2,4,2,2,4,2,4,2,2,4,1,3,0,0,0
8c2740fb-0cfe-440c-b48b-681c861e8b7d,2,2,4,2,2,4,2,4,2,2,4,2,4,2,2,4,2,4,2,2,4
8c661dc8-9fb9-4d9b-89da-7b37cdea57ad,3,4,7,3,4,7,4,7,2,2,4,7,10,0,2,2,1,4,0,0,0
8cbd3ba1-ff2c-4ecf-8bad-c318d82aae6b,3,2,5,3,2,5,2,5,3,2,5,6,9,2,2,4,1,4,0,0,0
8d264099-6bb2-4bc3-8b7e-f82e1965d69b,3,3,6,3,3,6,3,6,3,3,6,3,6,3,3,6,3,6,3,3,6
8d5c2406-f6ea-4374-b9eb-996747041413,3,11,14,2,2,4,11,14,2,2,4,17,20,2,2,4,1,4,0,0,0
8d8ea816-0c39-4523-8590-8223d8237f82,2,2,4,2,2,4,2,4,2,2,4,2,4,2,2,4,2,4,2,2,4
8e7757b1-b449-4bd7-b832-5bfa483318ce,7,7,14,7,7,14,7,14,7,7,14,7,14,7,7,14,7,14,7,7,14
8ea515e6-e1ef-4e7f-b01f-cfd2cc7e1810,1,6,7,1,6,7,6,7,1,6,7,6,7,1,6,7,1,2,1,1,2
8eeb564d-533e-4337-b64e-be8e5db1a17c,2,2,4,2,2,4,2,4,2,2,4,2,4,2,2,4,2,4,2,2,4
8ef21d76-5f37-493e-9d91-716184879e18,3,3,6,3,3,6,3,6,3,3,6,3,6,3,3,6,3,6,3,3,6
8ef560a8-9bf9-4a10-a45d-9b6a4cd71b51,2,3,5,2,3,5,3,5,2,3,5,3,5,2,3,5,1,3,2,1,3
8f21961e-dd54-451e-93e3-610b2068789f,1,1,2,0,0,0,2,3,1,2,3,1,2,0,0,0,2,3,1,2,3
8f46398c-42db-4557-8dad-049d73cb8bb8,2,2,4,0,2,2,2,4,0,2,2,2,4,0,2,2,2,4,0,2,2
8fe6d93e-bb32-48a2-99b4-0a7fb3eefbcc,1,1,2,0,0,0,1,2,0,0,0,1,2,0,0,0,1,2,0,0,0
900cd4f5-e6d4-475d-9bc9-bcda4585d6d7,2,2,4,2,2,4,2,4,2,2,4,2,4,2,2,4,1,3,0,0,0
9015088a-d1c6-4ab6-852e-38d2bb0d943e,4,4,8,4,4,8,4,8,4,4,8,4,8,4,4,8,4,8,4,4,8
90a1530d-19dc-461e-89c6-dea6eb69b0b9,2,4,6,2,4,6,4,6,2,4,6,4,6,2,4,6,2,4,2,2,4
90afad82-a313-4507-8bdb-5ac4e4292050,3,4,7,3,4,7,4,7,3,4,7,6,9,0,2,2,1,4,0,0,0
9142f5ed-2c92-479c-a1ed-8778b93f8ab8,3,6,9,2,2,4,6,9,2,2,4,2,5,2,0,2,1,4,0,0,0
91cc6c21-60fd-4ef8-8705-a7b1c788d41d,3,4,7,3,4,7,4,7,3,4,7,4,7,3,4,7,1,4,0,0,0
91e38fc6-f7ba-42fe-ae60-691eeecb5191,2,8,10,2,8,10,8,10,2,8,10,9,11,2,9,11,2,4,2,2,4
91f349bb-2183-4677-bdcd-e941a46e933f,2,1,3,2,1,3,1,3,2,1,3,1,3,2,1,3,2,4,2,2,4
91f5388a-20f9-40d2-ad72-b50a021616b6,2,2,4,2,2,4,2,4,2,2,4,2,4,2,2,4,2,4,2,2,4
920ea559-0a16-4b06-8628-dd618e56b5dc,2,6,8,2,6,8,6,8,2,6,8,6,8,2,6,8,1,3,2,1,3
92aac03a-8c8d-407f-b795-581e0b6accf5,1,2,3,0,0,0,2,3,0,0,0,2,3,0,0,0,1,2,0,0,0
92f5a8ba-04ed-435f-9032-5c51b5856e14,1,6,7,1,6,7,6,7,1,6,7,4,5,1,4,5,1,2,1,1,2
93523994-4a89-4344-97df-2637e7522279,2,10,12,2,10,12,10,12,2,10,12,2,4,2,2,4,2,4,2,2,4
9369ea0b-d062-4e1f-a51c-8731084f8d2d,2,4,6,0,0,0,4,6,0,0,0,4,6,0,0,0,1,3,0,0,0
93b2b9e0-88dc-43ca-9dea-3814fb2331c5,3,1,4,3,1,4,1,4,3,1,4,10,13,2,1,3,1,4,0,0,0
93b970da-e289-440b-ab2e-c092ffddefd7,3,5,8,0,0,0,5,8,0,0,0,5,8,0,0,0,1,4,0,0,0
93d8eb80-b8fb-4ece-a08c-fab561b9eefc,2,4,6,2,4,6,5,7,2,5,7,4,6,2,4,6,1,3,0,0,0
94cbd420-d0c3-403a-b43a-a454df22b401,2,1,3,2,1,3,1,3,2,1,3,1,3,2,1,3,2,4,2,2,4
94cce6d9-710d-4595-8cc4-b8553683cc0c,2,13,15,0,0,0,13,15,0,0,0,13,15,0,0,0,1,3,0,0,0
9528e08c-2181-486a-9b81-c0e9ff2f6ddb,3,3,6,2,2,4,2,5,2,2,4,3,6,2,2,4,2,5,2,2,4
95965218-74cf-478a-a57e-e519238e5128,2,2,4,2,2,4,3,5,2,3,5,2,4,2,2,4,1,3,0,0,0
95ab94b9-28b0-4312-95c3-d0c0da056b15,2,4,6,2,4,6,4,6,2,4,6,4,6,2,4,6,1,3,0,0,0
960b0408-8703-4cc3-8fc5-1cd897fe8331,2,4,6,0,2,2,4,6,0,2,2,4,6,0,2,2,4,6,0,2,2
969dd0b6-fb42-4d7c-a208-8c99ec0947dc,2,15,17,0,15,15,15,17,0,15,15,15,17,0,15,15,1,3,0,1,1
96fe6b2a-73e8-4e90-ac42-16421710a1db,2,2,4,2,2,4,2,4,2,2,4,2,4,2,2,4,1,3,0,0,0
9707f3c9-6de4-4142-90bd-8b5d6d02f957,2,6,8,2,6,8,2,4,2,2,4,6,8,2,6,8,1,3,2,1,3
98356441-f2a2-4b86-bf0c-cda41ecf41ce,2,2,4,2,2,4,2,4,2,2,4,2,4,2,2,4,2,4,2,2,4
98c5d710-54a8-445f-9fb4-a555272f5257,2,2,4,2,2,4,2,4,2,2,4,2,4,0,2,2,1,3,0,0,0
98e458e0-331c-40e2-931d-6059329cf4f4,4,4,8,4,4,8,4,8,4,4,8,4,8,4,4,8,4,8,4,4,8
99235a18-4a0c-4b60-8c4e-c1bcd20cbd42,2,4,6,0,2,2,4,6,0,2,2,4,6,0,2,2,4,6,0,2,2
993e60e8-71d3-4afc-9448-d7900480e03e,8,7,15,0,0,0,7,15,0,0,0,7,15,0,0,0,1,9,0,0,0
99789674-a33f-4fe1-a42a-bd08ea3a22e0,2,6,8,2,6,8,2,4,0,0,0,1,3,0,1,1,1,3,0,0,0
99cc2cc6-11ca-4925-89db-7b7ec0f3c499,1,6,7,1,6,7,4,5,1,4,5,6,7,1,6,7,1,2,1,1,2
9a32337a-d575-49b1-85cb-c630940990f3,2,2,4,0,0,0,2,4,0,0,0,2,4,0,0,0,1,3,0,0,0
9a9feb07-1978-45c2-846f-1fcfb1272582,2,3,5,2,3,5,3,5,2,3,5,3,5,2,3,5,2,4,2,2,4
9aaf2dce-1e3d-459e-885c-19a0c4e26c9e,2,2,4,2,2,4,2,4,2,2,4,2,4,2,2,4,2,4,2,2,4
9ad8f1df-c6fd-4dee-8296-91e4d01820cf,2,2,4,2,2,4,2,4,2,2,4,2,4,2,2,4,2,4,2,2,4
9aeb7338-bdb1-4ed1-a6bb-c7a8c6a7068f,3,4,7,2,2,4,4,7,2,2,4,2,5,2,0,2,1,4,0,0,0
9c24a740-fa79-452c-bf78-4353a3fc095a,8,8,16,8,8,16,8,16,8,8,16,8,16,8,8,16,8,16,8,8,16
9c9dd0a9-8dfe-4b6b-970b-91314276e11a,2,6,8,2,6,8,6,8,2,6,8,6,8,2,6,8,1,3,0,0,0
9cd3eabc-f518-41b5-9ac8-0cd0085f5a5a,3,2,5,3,2,5,3,6,2,2,4,2,5,3,2,5,1,4,0,0,0
9d28072e-8a81-4a10-8463-40665e358e65,5,5,10,5,5,10,5,10,5,5,10,5,10,5,5,10,5,10,5,5,10
9d30bd14-6f72-4910-ab46-fd88d3863209,1,4,5,1,4,5,2,3,1,2,3,4,5,1,4,5,1,2,1,1,2
9de29147-53e8-411f-9d23-e202b4eaf5e8,2,5,7,2,5,7,5,7,2,5,7,5,7,2,5,7,1,3,0,0,0
9de6997e-12f4-469c-a141-bf3a4c87fbef,2,8,10,2,8,10,2,4,2,2,4,8,10,2,8,10,2,4,2,2,4
9ec2ce0f-0070-4614-81cb-886f6bf751d9,6,3,9,6,3,9,3,9,6,3,9,3,9,6,3,9,3,9,6,3,9
9f71e6cb-7eed-4254-ac9a-96b89205e377,1,1,2,0,0,0,1,2,0,0,0,1,2,0,0,0,1,2,0,0,0
9f788979-ec8b-4ccb-987e-9e59c12aa34b,2,4,6,0,2,2,4,6,0,2,2,4,6,0,2,2,4,6,0,2,2
9f8fa2ef-16c0-46ca-b61c-66cd1248443f,2,12,14,2,12,14,12,14,2,12,14,12,14,2,12,14,1,3,2,1,3
9fb01c17-36a9-4175-8d57-89d1420ee8ea,4,4,8,4,4,8,4,8,4,4,8,4,8,4,4,8,4,8,4,4,8
a018f367-a156-4afd-9977-cdf9bc6ef6ec,2,9,11,0,0,0,9,11,0,0,0,9,11,0,0,0,1,3,0,0,0
a06a5d50-a583-447a-8fdd-110a1ac538af,2,4,6,2,4,6,4,6,2,4,6,4,6,2,4,6,1,3,0,0,0
a09f7f18-bea9-4895-b024-f4df2b3f9733,1,4,5,1,4,5,4,5,1,4,5,6,7,1,6,7,1,2,1,1,2
a0a2671e-00f3-45b1-96a0-c291b4fd0e09,2,14,16,0,0,0,14,16,0,0,0,14,16,0,0,0,1,3,0,0,0
a12bfca5-ea38-411d-b6ef-cfd33baa2e7e,8,10,18,8,10,18,10,18,8,10,18,10,18,8,10,18,10,18,8,10,18
a1854a3a-0c4c-4618-80b6-a10c56dccecd,2,6,8,0,0,0,6,8,0,0,0,6,8,0,0,0,1,3,0,0,0
a19f90f1-6493-4f66-8964-8413b48231bd,3,8,11,3,8,11,8,11,0,0,0,6,9,0,2,2,1,4,0,0,0
a1a74d6d-0e3b-4835-9f21-9fcdd964ab00,2,2,4,2,2,4,2,4,2,2,4,2,4,2,2,4,1,3,0,0,0
a1b64daa-1172-47da-a910-d690d9c959f3,2,5,7,2,5,7,4,6,0,0,0,5,7,2,5,7,1,3,0,0,0
a1c0c34e-c582-4191-86a8-a0dffc60cb8e,2,2,4,2,2,4,2,4,2,2,4,2,4,2,2,4,2,4,2,2,4
a22e41f2-88bc-4e43-8fc9-0d56dac1056a,2,3,5,0,0,0,3,5,0,0,0,3,5,0,0,0,1,3,0,0,0
a2485d37-c5ec-42a1-898b-bddd9231e213,3,3,6,2,2,4,3,6,2,2,4,2,5,2,0,2,1,4,0,0,0
a24f2296-f2d3-407f-91f3-c3dd66c95d52,2,5,7,2,5,7,5,7,2,5,7,10,12,0,2,2,1,3,0,0,0
a257276a-5e21-4cff-9205-5337fdf77bc4,3,1,4,3,1,4,1,4,3,1,4,2,5,2,1,3,1,4,0,0,0
a2a03daa-6ff2-4400-b008-8dc47151cab3,1,6,7,1,6,7,6,7,1,6,7,1,2,1,1,2,1,2,1,1,2
a3ce53ce-9843-4abe-b91e-2d9f02394cbd,2,2,4,0,0,0,2,4,0,0,0,2,4,0,0,0,1,3,0,0,0
a4392b5d-9991-4be2-aaf2-13c0d61f8e81,17,17,34,17,17,34,17,34,17,17,34,17,34,17,17,34,17,34,17,17,34
a4447716-22f2-4f75-9d33-86f2d956a56f,2,5,7,2,5,7,5,7,2,5,7,5,7,2,5,7,1,3,0,0,0
a4460f00-83d2-46ca-b7bc-b5e0e7aa5c57,3,1,4,3,1,4,1,4,3,1,4,1,4,3,1,4,1,4,0,0,0
a4d72b42-0d08-47cb-b5a3-c54a483bbf8b,2,3,5,2,3,5,3,5,2,3,5,3,5,2,3,5,2,4,2,2,4
a4e68122-5c14-462b-a449-5d509705223f,2,7,9,2,7,9,2,4,0,2,2,7,9,2,7,9,1,3,0,0,0
a5057a46-8dbe-4b46-a6e7-98fbb9a4b714,2,2,4,2,2,4,2,4,0,2,2,2,4,2,2,4,2,4,2,2,4
a50e031d-db84-469a-8281-f8c063255790,2,5,7,0,0,0,5,7,0,0,0,5,7,0,0,0,1,3,0,0,0
a547ee7d-bac8-4c1b-a473-f16f871d9dd9,2,5,7,0,2,2,5,7,0,2,2,5,7,0,2,2,5,7,0,2,2
a5a60768-5650-49ee-9032-62253a301f52,2,5,7,0,0,0,5,7,0,0,0,5,7,0,0,0,1,3,0,0,0
a5eb8cc9-c374-4218-8d9a-f081a5e632ff,3,2,5,3,2,5,2,5,3,2,5,2,5,3,2,5,2,5,3,2,5
a61e6cf2-c773-462c-9ca3-83f2c9c785bc,3,10,13,2,2,4,10,13,2,2,4,1,4,2,1,3,1,4,0,0,0
a650b484-982c-4cf7-847a-7b95c74ced8b,2,7,9,0,0,0,7,9,0,0,0,1,3,0,0,0,1,3,0,0,0
a716d565-738e-43a7-ad7f-d4a2c304773f,2,2,4,2,2,4,2,4,2,2,4,2,4,2,2,4,2,4,2,2,4
a7824b20-d538-4e83-a248-d50e5dcdb11e,3,4,7,3,4,7,4,7,3,4,7,4,7,3,4,7,4,7,3,4,7
a862c69f-6048-42c9-ad38-8c2f773ed3fc,11,2,13,0,0,0,2,13,0,0,0,7,18,0,0,0,2,13,0,0,0
a89dd2db-47ca-4664-9602-2644734bd5e5,3,9,12,3,9,12,9,12,3,9,12,9,12,3,9,12,1,4,0,0,0
a8c13d29-91d2-4eef-9c22-0bec06f9b16c,3,5,8,3,5,8,5,8,3,5,8,5,8,3,5,8,1,4,0,0,0
a8e29bb9-7f5a-4f64-b011-784ac9a1c914,5,5,10,5,5,10,5,10,5,5,10,5,10,5,5,10,5,10,5,5,10
a8e5e7f9-6fd6-4363-a475-41eea653d953,7,5,12,7,5,12,5,12,7,5,12,5,12,7,5,12,5,12,7,5,12
a90bcfc1-c94a-44b7-a0d3-0c59013e3aa1,3,3,6,3,3,6,3,6,3,3,6,3,6,3,3,6,3,6,3,3,6
a92b9f14-d431-444d-b189-51d6d295d228,2,2,4,2,2,4,2,4,2,2,4,2,4,2,2,4,2,4,2,2,4
a9436bcd-d8e5-4db6-a0e1-a4aa8f25f724,3,3,6,3,3,6,3,6,3,3,6,3,6,3,3,6,1,4,0,0,0
a9fd5236-524e-496b-bc8e-8b69ee8b4464,3,2,5,0,2,2,2,5,0,2,2,2,5,0,2,2,2,5,0,2,2
aa163246-3c57-4d3c-aa39-605d352019a7,7,6,13,7,6,13,6,13,7,6,13,6,13,7,6,13,1,8,0,0,0
aa9f5b44-ae7d-4f0f-8a1b-92fc87fbed8a,2,2,4,2,2,4,3,5,0,0,0,2,4,2,2,4,1,3,0,0,0
aaba5839-8b0a-4632-913d-8cdeefd055ed,2,7,9,2,7,9,7,9,2,7,9,12,14,0,2,2,1,3,0,0,0
ab21293a-b6cc-476e-bec6-902b04aa93b2,7,7,14,7,7,14,7,14,7,7,14,7,14,7,7,14,7,14,7,7,14
ab83076a-6f9f-4c68-ae7c-19afa569d54d,2,3,5,2,3,5,3,5,2,3,5,3,5,2,3,5,2,4,2,2,4
ac63d312-978f-4e66-9219-e15aefd2465a,2,5,7,2,5,7,5,7,2,5,7,5,7,2,5,7,1,3,0,0,0
ac79ede1-c4fa-45bf-9032-db27d361e619,1,8,9,1,8,9,7,8,1,7,8,8,9,1,8,9,1,2,1,1,2
ac7aab47-f36d-49ae-99e6-311898e32658,2,3,5,2,3,5,3,5,2,3,5,2,4,2,2,4,2,4,2,2,4
aca8c1a1-8869-4638-b8ad-45fc95cb45b7,2,6,8,2,6,8,4,6,0,0,0,11,13,0,2,2,1,3,0,0,0
acec8fb5-da6f-4ca4-a455-224d1e38b1f8,3,4,7,3,4,7,4,7,0,0,0,4,7,3,4,7,1,4,0,0,0
ad4f9182-b6a5-4213-930f-39b661307d8f,2,5,7,2,5,7,5,7,2,5,7,5,7,2,5,7,5,7,2,5,7
ad88f92b-5bbe-44c2-9866-f93623fca590,2,2,4,2,2,4,2,4,2,2,4,2,4,2,2,4,2,4,0,0,0
adfb8aff-b6f8-462e-9cc1-729cc9275ce0,1,1,2,0,0,0,1,2,0,0,0,1,2,0,0,0,1,2,0,0,0
ae1bf3f1-47ab-4f67-96e5-529206685911,2,4,6,2,4,6,4,6,0,0,0,4,6,2,4,6,1,3,0,0,0
ae43d7a9-4b3c-4eaf-9e5e-cef83ab7cadb,10,9,19,10,9,19,9,19,10,9,19,9,19,10,9,19,9,19,10,9,19
ae92afef-dfe6-4d27-beb8-51f2abe7fa90,4,4,8,4,4,8,4,8,4,4,8,4,8,4,4,8,4,8,4,4,8
af2758e3-df60-41c2-b2d6-3cd668e6f289,3,5,8,3,5,8,5,8,3,5,8,5,8,3,5,8,1,4,0,0,0
afae4f80-ba75-4e24-9325-96dbd41d05d7,2,6,8,2,6,8,6,8,2,6,8,6,8,2,6,8,2,4,2,2,4
afccbf9e-64a8-4961-ae5b-11a94974f0fc,6,6,12,6,6,12,6,12,6,6,12,6,12,6,6,12,1,7,0,0,0
afcfc269-2aee-4212-8766-19012d31e566,7,7,14,7,7,14,7,14,7,7,14,7,14,7,7,14,7,14,7,7,14
b081a9bf-6ebc-4068-88cb-1a817c53a383,2,3,5,2,3,5,3,5,2,3,5,3,5,2,3,5,2,4,2,2,4
b0a16951-7e45-41e9-aa3e-1b418dcc8abf,2,6,8,2,6,8,6,8,2,6,8,6,8,2,6,8,6,8,2,6,8
b0bb7e66-751a-4a38-bc6f-2ab3aca12f01,8,7,15,8,7,15,7,15,8,7,15,7,15,8,7,15,1,9,0,0,0
b0d961ef-80b4-417c-9865-84968d800336,2,2,4,2,2,4,2,4,2,2,4,2,4,2,2,4,2,4,2,2,4
b114c23b-75c4-47b7-8c0d-da9dfc75084f,2,2,4,2,2,4,2,4,2,2,4,2,4,2,2,4,1,3,0,0,0
b120b84c-b29e-46a5-9e41-a67176621adc,1,7,8,1,7,8,1,2,1,1,2,7,8,1,7,8,1,2,1,1,2
b1226e88-8cff-46e2-ae3b-728f8445b0a7,2,10,12,2,10,12,10,12,2,10,12,10,12,2,10,12,2,4,2,2,4
b1683175-8341-4370-8734-a83f80883066,2,3,5,0,0,0,3,5,0,0,0,3,5,0,0,0,1,3,0,0,0
b182fba3-9624-432d-81db-561424818ba0,9,9,18,9,9,18,9,18,9,9,18,9,18,9,9,18,1,10,0,0,0
b197629b-cf1c-4825-ab4e-72ddac71b17e,6,5,11,6,5,11,5,11,6,5,11,5,11,6,5,11,1,7,0,0,0
b19d9fd8-340f-4335-8c0e-637825f28742,3,3,6,0,3,3,3,6,0,3,3,3,6,0,3,3,3,6,0,3,3
b1bb2614-fc09-417d-9cd7-a660631b0e8d,6,6,12,6,6,12,6,12,6,6,12,6,12,6,6,12,6,12,6,6,12
b21916da-3410-453c-be4c-b5e5ddc1dbb8,5,4,9,0,0,0,4,9,0,0,0,4,9,0,0,0,1,6,0,0,0
b22af883-07e4-4b9d-badd-43e789bab95a,2,6,8,2,6,8,6,8,2,6,8,6,8,2,6,8,1,3,2,1,3
b2917188-30aa-4a0d-9cc8-4abcd9765a2c,2,5,7,2,5,7,5,7,2,5,7,5,7,2,5,7,2,4,2,2,4
b296d105-7232-4c27-8d38-c0c3d9a2e112,3,7,10,2,3,5,7,10,2,3,5,1,4,2,1,3,1,4,0,0,0
b2c91fbb-dbb0-451c-bb5b-f44e642d8a88,2,2,4,2,2,4,2,4,0,2,2,2,4,2,2,4,1,3,2,1,3
b2f52e4d-947d-4cbe-8fbb-7425365dbb42,2,7,9,2,7,9,7,9,2,7,9,7,9,2,7,9,7,9,2,7,9
b3159715-2033-45a6-a7ae-60e738e1f156,2,7,9,2,7,9,7,9,2,7,9,5,7,0,2,2,1,3,0,0,0
b34691d8-d9ae-4115-9e74-ace163640cb8,5,5,10,5,5,10,5,10,5,5,10,5,10,5,5,10,1,6,0,0,0
b3a3c0e6-2f42-4081-a219-f8c124309724,2,3,5,2,3,5,3,5,2,3,5,3,5,2,3,5,2,4,2,2,4
b3c30197-0aa9-4b18-bdab-a65fb119534d,6,2,8,0,0,0,2,8,0,0,0,2,8,0,0,0,1,7,0,0,0
b458c25e-dd92-46a7-871f-3b62308935aa,2,5,7,0,0,0,5,7,0,0,0,5,7,0,0,0,1,3,0,0,0
b47dd66e-3b4e-41b6-98d4-a4d446a77bbb,12,12,24,12,12,24,12,24,12,12,24,12,24,12,12,24,12,24,12,12,24
b62adde8-faf0-40b6-9340-56c8e0f5081a,2,4,6,2,4,6,4,6,2,4,6,2,4,2,2,4,2,4,2,2,4
b671cc52-9256-4775-980e-4af1fc7c4a0e,2,2,4,2,2,4,2,4,2,2,4,2,4,2,2,4,2,4,2,2,4
b69f6f32-d908-4186-894a-9ce6a5bbd2d2,2,6,8,2,6,8,6,8,2,6,8,9,11,2,9,11,1,3,2,1,3
b6f9e6d8-ecfa-4802-a63b-ea879bc09b95,8,8,16,8,8,16,8,16,8,8,16,8,16,8,8,16,8,16,8,8,16
b7148ee1-9102-448d-bd28-47d613cc3359,6,3,9,0,3,3,3,9,0,3,3,3,9,0,3,3,3,9,0,3,3
b728c8b0-03a6-4053-ae26-093e66530e79,2,4,6,2,4,6,4,6,0,2,2,4,6,2,4,6,1,3,0,0,0
b7457072-ebcc-421e-8b21-3426b170ecf7,2,5,7,0,2,2,5,7,0,2,2,5,7,0,2,2,5,7,0,2,2
b7a44cc5-4c32-4aac-87fa-79fde22f178c,2,3,5,2,3,5,3,5,2,3,5,3,5,2,3,5,3,5,2,3,5
b80b4112-c4e5-4e17-a4fa-bfe4f2aeb184,2,2,4,2,2,4,2,4,2,2,4,2,4,2,2,4,1,3,0,0,0
b8489882-8407-42ae-8a1c-5a42fc8bb063,3,3,6,3,3,6,3,6,3,3,6,3,6,3,3,6,1,4,0,0,0
b8653bdb-7636-4196-b907-fc04734f3064,4,4,8,4,4,8,4,8,4,4,8,4,8,4,4,8,4,8,4,4,8
b8c13591-c16c-4026-8b36-54a00ddac925,5,5,10,5,5,10,5,10,5,5,10,5,10,5,5,10,5,10,5,5,10
b8c5089b-754a-4cf5-8b83-9ba7677bb61d,2,2,4,1,2,3,2,4,2,2,4,2,4,1,2,3,1,3,0,0,0
b8db2176-0e56-4fc3-9350-06935d92f97d,2,2,4,2,2,4,1,3,0,1,1,2,4,2,2,4,2,4,2,2,4
b966243a-adb2-4c31-a042-cb1712040f7b,2,5,7,2,5,7,5,7,0,0,0,12,14,0,2,2,1,3,0,0,0
b99710cc-e9c3-42c9-b359-7736fed74758,2,2,4,0,2,2,2,4,0,2,2,2,4,0,2,2,2,4,0,2,2
b998e48c-0fb7-423f-841b-130ddff820f5,8,8,16,8,8,16,8,16,8,8,16,8,16,8,8,16,8,16,8,8,16
ba06bb51-db93-4b95-9d1a-8be0255ac8b4,2,12,14,2,12,14,12,14,2,12,14,12,14,2,12,14,1,3,2,1,3
ba098d8f-6eea-4ad3-8af3-7a49c92ae800,1,1,2,0,0,0,1,2,0,0,0,1,2,0,0,0,1,2,0,0,0
ba58b740-20cf-4e43-81dc-8311690d3888,2,5,7,2,5,7,5,7,2,5,7,5,7,2,5,7,1,3,0,0,0
bace80d6-44d5-44bb-a335-99f3a1365ab8,2,7,9,2,7,9,4,6,0,0,0,7,9,2,7,9,1,3,0,0,0
bad0c7f2-046f-48e3-b53b-81360b85bd1d,4,4,8,0,0,0,4,8,0,0,0,4,8,0,0,0,4,8,0,0,0
bb27ed57-a99b-4155-a26e-ed8c48956a3c,4,3,7,4,3,7,3,7,4,3,7,3,7,4,3,7,3,7,4,3,7
bba51aae-0f40-476c-8965-3f793fb9392f,2,2,4,2,2,4,2,4,2,2,4,2,4,1,2,3,2,4,2,2,4
bc32b781-a68a-422f-bba2-dc8200d24025,2,6,8,2,6,8,6,8,2,6,8,6,8,2,6,8,6,8,2,6,8
bc4d4ae6-9259-49ae-a66e-65214c00e0a0,2,4,6,2,4,6,4,6,2,4,6,4,6,2,4,6,4,6,2,4,6
bce05231-f8f6-4507-a628-622f908b1684,9,8,17,9,8,17,8,17,9,8,17,8,17,9,8,17,8,17,9,8,17
bcfb1662-5a18-41ec-91ef-bcd3fed68342,11,4,15,11,4,15,4,15,0,0,0,4,15,11,4,15,1,12,0,0,0
bd1a86a1-0654-46ed-84c5-eaf828dac0d1,5,7,12,0,0,0,7,12,0,0,0,5,10,0,0,0,1,6,0,0,0
bd2b3897-e127-44b0-bb50-f7b47b96a240,2,5,7,2,5,7,3,5,0,0,0,6,8,0,2,2,1,3,0,0,0
bdc2a712-301e-419f-a254-521e0f920e49,2,5,7,2,5,7,5,7,2,5,7,2,4,2,2,4,2,4,2,2,4
be0a6505-c640-4e09-b7fe-cebb1fb93024,1,5,6,1,5,6,5,6,1,5,6,4,5,1,4,5,1,2,1,1,2
be217f06-e32a-463e-bc54-f79292b1bbf0,3,3,6,3,3,6,3,6,3,3,6,3,6,3,3,6,1,4,0,0,0
be2b7555-b675-4a48-8eaf-e2e3e3af7bc7,3,4,7,0,3,3,4,7,0,3,3,4,7,0,3,3,4,7,0,3,3
be489ce3-6938-483a-a91a-63852be96420,6,5,11,0,5,5,5,11,0,5,5,5,11,0,5,5,5,11,0,5,5
be6f0517-3a84-4755-86a2-fab8b2508695,1,5,6,1,5,6,5,6,1,5,6,2,3,1,2,3,1,2,1,1,2
be7c7747-eeb2-4247-9d15-7653fba53c9c,4,4,8,4,4,8,4,8,4,4,8,4,8,4,4,8,4,8,4,4,8
be98f04a-7dff-4f8d-877b-ce78904f9761,2,2,4,2,2,4,2,4,2,2,4,2,4,1,2,3,2,4,2,2,4
bebae157-a916-4d9f-8970-d06cff1ed966,2,6,8,2,6,8,6,8,2,6,8,6,8,2,6,8,2,4,2,2,4
bede3c05-724e-41fc-b35e-7b8295538f98,3,3,6,2,3,5,2,5,2,2,4,3,6,2,3,5,2,5,2,2,4
bf1c4d71-d567-4411-8551-29980bb9c41b,2,1,3,2,1,3,2,4,2,2,4,1,3,2,1,3,2,4,2,2,4
bf484371-2767-4c22-821e-4ab7f21a219e,2,1,3,2,1,3,2,4,2,2,4,1,3,2,1,3,2,4,2,2,4
bf87089a-2f56-4685-951b-d06ae3e0f7c9,2,2,4,2,2,4,2,4,2,2,4,2,4,2,2,4,2,4,2,2,4
bf9a10c3-17b2-4cb3-a111-b27bc7f30ca9,2,10,12,2,10,12,10,12,2,10,12,10,12,2,10,12,1,3,0,0,0
bfa23d09-7a75-4f1c-90bb-ce44ee236642,2,6,8,2,6,8,6,8,2,6,8,2,4,2,2,4,2,4,2,2,4
bffa8422-d566-42bb-9900-5d555bde88a4,3,3,6,3,3,6,3,6,3,3,6,3,6,3,3,6,3,6,3,3,6
c0196a7f-46b7-40b3-a88d-8631a6f91d54,6,5,11,6,5,11,5,11,6,5,11,5,11,6,5,11,5,11,6,5,11
c01dee8c-e574-49f9-93aa-177850a3f6d8,3,4,7,3,4,7,4,7,3,4,7,4,7,3,4,7,1,4,0,0,0
c06fc5f4-5513-4e75-a467-94b5b73d5ea7,2,2,4,0,0,0,2,4,0,0,0,2,4,0,0,0,1,3,0,0,0
c0a04c17-af1c-4010-ae39-d4aa72520b34,21,21,42,21,21,42,11,32,6,11,17,21,42,21,21,42,1,22,0,0,0
c0c34723-8cfa-4112-8dd7-2abc17608822,5,5,10,5,5,10,5,10,5,5,10,5,10,5,5,10,5,10,5,5,10
c1013662-7f3a-46f3-b9e3-12c1f4935354,12,9,21,0,0,0,9,21,0,0,0,9,21,0,0,0,1,13,0,0,0
c10ffd15-7582-4ea5-be57-b29958803a34,6,2,8,0,0,0,2,8,0,0,0,2,8,0,0,0,2,8,0,0,0
c167c4b3-7aaa-474f-813d-be7dbd754a65,2,2,4,2,2,4,2,4,2,2,4,2,4,2,2,4,2,4,2,2,4
c1ac44ca-204c-4eff-8b2d-bc1e4e23926e,2,5,7,2,5,7,9,11,0,2,2,5,7,2,5,7,2,4,0,0,0
c1d6db95-420e-4b0a-955b-63a2753b4ded,2,6,8,2,6,8,6,8,2,6,8,6,8,2,6,8,2,4,2,2,4
c1ddff34-0b68-4668-95cc-472fb0607b34,3,3,6,2,2,4,3,6,2,2,4,3,6,2,2,4,3,6,2,2,4
c1ec2df2-2bca-475d-ae76-a319cb62b072,2,4,6,0,2,2,4,6,0,2,2,4,6,0,2,2,4,6,0,2,2
c208dbdc-006b-4481-a254-1218563e9033,11,6,17,3,6,9,6,17,3,6,9,6,17,3,6,9,1,12,0,0,0
c254e163-160c-4beb-a457-965a70ac3788,2,6,8,2,6,8,6,8,2,6,8,6,8,2,6,8,2,4,2,2,4
c270e439-3cd8-46e7-878c-34dfc3995600,2,3,5,2,3,5,3,5,2,3,5,3,5,2,3,5,3,5,2,3,5
c34bd36e-8aec-43ae-8249-8c98ba9cfc09,6,6,12,6,6,12,6,12,6,6,12,6,12,6,6,12,6,12,6,6,12
c38f9067-8bb2-4bc6-a50a-516f6b2ebb19,2,11,13,2,11,13,3,5,2,3,5,11,13,2,11,13,2,4,2,2,4
c391737b-242e-4be7-b203-1082261383df,5,6,11,5,6,11,6,11,5,6,11,6,11,5,6,11,6,11,5,6,11
c3bd2eed-cdf3-4bea-b24f-525cd9b828ed,2,7,9,2,7,9,7,9,2,7,9,1,3,2,1,3,1,3,2,1,3
c3ebfbea-81cc-4406-836d-ad9a937cf8df,2,2,4,2,2,4,2,4,2,2,4,2,4,2,2,4,1,3,2,1,3
c4097f6b-99ad-498d-9b99-6e6d0e7edb1c,2,1,3,2,1,3,2,4,2,2,4,1,3,2,1,3,2,4,2,2,4
c49760f5-fb14-4fbf-aad5-22be4eccf131,1,8,9,0,0,0,8,9,0,0,0,8,9,0,0,0,2,3,0,0,0
c5051a47-61dc-4fb7-93d3-f8e18ab8fb35,2,2,4,2,2,4,2,4,2,2,4,2,4,2,2,4,2,4,2,2,4
c51944bc-5a9b-431a-a8fd-fbaef0ba675b,2,4,6,2,4,6,4,6,2,4,6,4,6,2,4,6,1,3,0,0,0
c53efe66-9cd0-4837-b51d-a93cf3e8388d,2,2,4,2,2,4,2,4,2,2,4,2,4,2,2,4,2,4,2,2,4
c56ab421-b86f-4b26-9cb1-662ab6050ee0,4,5,9,4,5,9,5,9,4,5,9,5,9,4,5,9,5,9,4,5,9
c581bde8-7384-4f5b-9c5d-262a3ec80bfc,2,2,4,2,2,4,2,4,2,2,4,5,7,0,2,2,1,3,0,0,0
c587a9d2-1a21-44d4-89c0-34f2669d03ed,3,1,4,2,1,3,1,4,2,1,3,1,4,2,1,3,1,4,0,0,0
c5cc4531-bdb4-42e0-ab92-e22b07145c1a,2,4,6,2,4,6,3,5,2,3,5,2,4,2,2,4,2,4,2,2,4
c606586d-559b-497b-8db1-e957d3e42996,2,5,7,2,5,7,5,7,2,5,7,5,7,2,5,7,5,7,2,5,7
c60bbdeb-18e6-42e9-8f38-ec5b763deddc,2,3,5,0,2,2,3,5,0,2,2,3,5,0,2,2,3,5,0,2,2
c68d5455-e5c0-405e-b750-60fceb4abbfd,4,4,8,4,4,8,4,8,4,4,8,4,8,4,4,8,4,8,4,4,8
c6f10240-e635-4c1b-b17e-d58800f1427c,4,5,9,0,4,4,5,9,0,4,4,5,9,0,4,4,5,9,0,4,4
c6f5cc05-3d87-44f5-9819-8e4c06653692,3,3,6,2,2,4,3,6,2,2,4,2,5,2,0,2,1,4,0,0,0
c72d4d53-ab06-457e-84e4-0109e0537dad,2,4,6,2,4,6,4,6,2,4,6,4,6,2,4,6,1,3,0,0,0
c7be5378-6636-4c9a-afc1-924dbb196fc6,3,8,11,3,8,11,8,11,3,8,11,10,13,0,3,3,1,4,0,0,0
c88226fe-56dd-401f-96a2-4626e25730e5,2,3,5,0,2,2,3,5,0,2,2,3,5,0,2,2,3,5,0,2,2
c94f0aa0-a279-49e6-9021-b1750d9140f1,2,6,8,2,6,8,6,8,2,6,8,6,8,2,6,8,2,4,2,2,4
c95fd94e-82ac-42c9-af18-b46690f3777e,4,4,8,4,4,8,4,8,4,4,8,4,8,4,4,8,1,5,0,0,0
c96cd127-c969-41ea-91b5-ea5e6187bf46,4,4,8,0,0,0,2,6,2,2,4,4,8,0,0,0,1,5,0,0,0
c997811d-99b8-494a-970b-50161dd3bc5e,2,1,3,2,1,3,2,4,2,2,4,1,3,2,1,3,2,4,2,2,4
c9d407c2-6df8-44d8-a28c-206df50a675c,3,2,5,3,2,5,2,5,3,2,5,2,5,3,2,5,2,5,0,0,0
ca30ec64-84d6-45bf-8fbe-19858ba99f14,3,2,5,3,2,5,3,6,0,0,0,4,7,0,2,2,1,4,0,0,0
ca4ad107-0234-4eab-9dd2-8c2c0e22bba5,5,5,10,5,5,10,5,10,5,5,10,5,10,5,5,10,5,10,5,5,10
ca5b82ac-d5d3-4ade-ba2c-8a28879201b9,3,2,5,3,2,5,2,5,3,2,5,2,5,3,2,5,2,5,3,2,5
ca8963a0-7379-4bdc-8fb0-b43bd3831688,6,6,12,6,6,12,6,12,6,6,12,6,12,6,6,12,6,12,6,6,12
ca89f9d2-9670-47ce-b502-fb2751055afb,11,9,20,11,9,20,9,20,11,9,20,9,20,11,9,20,9,20,11,9,20
ca9e7c03-b2a0-43c7-9b01-77ae3dc980c9,3,2,5,2,2,4,2,5,2,2,4,2,5,2,0,2,1,4,0,0,0
cab132db-d096-48d6-918c-ca16afb47101,9,7,16,9,7,16,9,18,6,6,12,7,16,9,7,16,1,10,0,0,0
cab253ad-2792-4053-81c2-01cc1d493542,2,2,4,2,2,4,2,4,2,2,4,2,4,2,2,4,1,3,0,0,0
caf02e4d-4365-4afd-b57f-de220bb8ce45,2,7,9,2,7,9,7,9,2,7,9,7,9,2,7,9,2,4,2,2,4
cb413a96-d67d-4f6e-95d4-103b6f71a27d,3,1,4,3,1,4,1,4,3,1,4,2,5,2,0,2,1,4,0,0,0
cb515825-f920-4592-a049-dfae574606dc,2,4,6,2,4,6,2,4,2,2,4,4,6,2,4,6,2,4,2,2,4
cb9b1564-2dda-478e-af8f-fd0fdc0f2434,2,2,4,2,2,4,2,4,2,2,4,2,4,2,2,4,2,4,2,2,4
cb9da038-7d5f-46d0-8356-dc9df4011061,5,5,10,5,5,10,5,10,5,5,10,5,10,5,5,10,5,10,5,5,10
cbbba3f4-f587-4a49-97df-0fd7a5ea229f,3,5,8,3,5,8,5,8,3,5,8,5,8,3,5,8,1,4,0,0,0
cbc1f155-db7b-4746-bf97-8a816a31663d,2,1,3,2,1,3,2,4,2,2,4,1,3,2,1,3,2,4,2,2,4
cc032ced-dcc0-417a-a30f-aff5292e8f6a,9,8,17,9,8,17,8,17,9,8,17,8,17,9,8,17,1,10,0,0,0
cc1f7fde-314c-4015-8240-d8d835a7ce68,8,4,12,0,0,0,4,12,0,0,0,4,12,0,0,0,1,9,0,0,0
cc852116-5781-4525-8562-14c4d5c5495d,2,5,7,2,5,7,5,7,0,2,2,5,7,2,5,7,1,3,0,0,0
ccb2f531-e099-436a-a756-9ba2d51c36e8,2,2,4,2,2,4,2,4,2,2,4,2,4,2,2,4,1,3,0,0,0
ccb65103-2c80-4738-b838-5296d2218826,2,5,7,2,5,7,5,7,2,5,7,5,7,2,5,7,1,3,0,0,0
ccf511df-7272-4876-a256-865a049d7a8b,2,4,6,2,4,6,4,6,2,4,6,4,6,2,4,6,1,3,2,1,3
cd0268e8-7557-42b6-8807-f80a45e6247b,2,2,4,2,2,4,2,4,0,0,0,2,4,2,2,4,2,4,2,2,4
cd474db0-16b5-4c3b-a204-f0af5fd053be,3,3,6,2,3,5,3,6,2,3,5,2,5,2,0,2,1,4,0,0,0
cd8ebc1f-4927-4506-9ff8-269e48a6ba6e,6,10,16,0,0,0,7,13,0,0,0,10,16,0,0,0,1,7,0,0,0
cddeca42-88d3-4ef2-aa7e-217337f21583,2,4,6,2,4,6,4,6,2,4,6,4,6,2,4,6,1,3,2,1,3
cde878b2-7396-4e6d-bdec-076e7f4fe82d,3,2,5,0,2,2,2,5,0,2,2,2,5,0,2,2,2,5,0,2,2
ce58d539-425a-471c-9d22-aa021b8d21d1,2,5,7,0,2,2,5,7,0,2,2,5,7,0,2,2,5,7,0,2,2
ce829358-f380-474a-8f8f-1f388ba211bb,2,2,4,2,2,4,2,4,2,2,4,2,4,2,2,4,2,4,2,2,4
ce94be8c-10af-4958-aa9c-5bedf876d17c,5,5,10,5,5,10,5,10,5,5,10,5,10,5,5,10,5,10,5,5,10
cea5f8c5-9b1f-4d72-ab19-3e18451a9efe,2,7,9,0,0,0,7,9,0,0,0,7,9,0,0,0,1,3,0,0,0
cf021cc7-21df-4581-95b7-6d1577c120b8,2,2,4,2,2,4,2,4,2,2,4,2,4,2,2,4,2,4,2,2,4
cf218d01-7e65-459f-99b6-bc7de4d26ec3,2,2,4,2,2,4,4,6,0,0,0,2,4,2,2,4,1,3,0,0,0
cf2744de-d1e3-4edf-a509-fddb44774eb2,5,4,9,5,4,9,4,9,5,4,9,4,9,5,4,9,1,6,0,0,0
d00bff24-0451-49c8-ae8b-3237ead34d20,1,6,7,1,6,7,6,7,1,6,7,7,8,1,7,8,1,2,1,1,2
d028d550-9a22-46db-8ac5-e6cef6ac3471,1,3,4,1,3,4,3,4,1,3,4,1,2,1,1,2,1,2,1,1,2
d03f44d3-4221-49d6-a561-76281a57167a,5,6,11,5,6,11,6,11,5,6,11,6,11,5,6,11,6,11,5,6,11
d078bdb3-9601-4891-b49c-27472490b5a7,3,3,6,3,3,6,3,6,3,3,6,3,6,3,3,6,1,4,0,0,0
d08d0dcc-ae55-4b04-8d36-ced0e4f33f2f,3,5,8,2,2,4,2,5,0,2,2,5,8,2,2,4,1,4,0,0,0
d1391ffd-8216-4e6f-9a23-eda12dce5747,2,4,6,0,4,4,4,6,0,4,4,4,6,0,4,4,1,3,0,1,1
d1a450d5-29d8-498d-a805-d545eea0a137,1,2,3,0,0,0,2,3,0,0,0,2,3,0,0,0,1,2,0,0,0
d1f385f4-8568-412d-aa74-93815d80e122,2,5,7,0,2,2,5,7,0,2,2,5,7,0,2,2,5,7,0,2,2
d204368f-d95f-4003-81fa-462b973c7972,1,4,5,1,4,5,4,5,1,4,5,4,5,1,4,5,1,2,1,1,2
d243adac-278f-44e0-90d0-6dba38b345a7,11,8,19,0,0,0,8,19,0,0,0,8,19,0,0,0,1,12,0,0,0
d3127e80-e71e-4cb8-90d7-988e06969617,10,16,26,10,16,26,16,26,10,16,26,16,26,10,16,26,16,26,10,16,26
d3489d64-97bd-467f-a8f2-904244a7af57,1,8,9,1,8,9,8,9,1,8,9,6,7,1,6,7,1,2,1,1,2
d3763b06-2ddb-42e0-8a20-94fa3cc53a8d,2,4,6,0,2,2,4,6,0,2,2,4,6,0,2,2,4,6,0,2,2
d4155641-cfce-45cf-9023-e402015063b6,4,4,8,4,4,8,4,8,4,4,8,4,8,4,4,8,1,5,0,0,0
d476c6d7-0f36-4852-bdf8-793d47732ec0,1,1,2,0,0,0,1,2,0,0,0,1,2,0,0,0,1,2,0,0,0
d4a553ab-d204-4c64-95d0-a3509b70d15e,3,4,7,3,4,7,4,7,3,4,7,4,7,3,4,7,1,4,0,0,0
d53d4906-37a2-461f-b0ce-9be4f3daf0e1,2,7,9,2,7,9,7,9,2,7,9,7,9,2,7,9,2,4,2,2,4
d660068c-6ae8-4dac-933a-3d161ffc7e07,4,4,8,4,4,8,4,8,4,4,8,4,8,4,4,8,4,8,4,4,8
d6aee02a-0205-4c9f-b61c-d57e1f1af45b,3,8,11,2,2,4,8,11,2,2,4,8,11,2,2,4,1,4,0,0,0
d6ce9750-7b69-491c-980f-4609129c1e61,6,4,10,0,0,0,4,10,0,0,0,4,10,0,0,0,4,10,0,0,0
d73f16d1-0e59-4c99-92f7-b31aa69d1fb9,1,1,2,0,0,0,1,2,0,0,0,1,2,0,0,0,1,2,0,0,0
d7f8c69a-f310-4494-95a3-c4d2f9b5a1f8,4,5,9,4,5,9,5,9,4,5,9,5,9,4,5,9,5,9,4,5,9
d85a1539-0d1c-47ef-8524-3a34fb2d209d,2,2,4,2,2,4,2,4,2,2,4,2,4,2,2,4,2,4,2,2,4
d86719b0-c2f1-499d-826d-ac8d42cfedc2,2,6,8,2,6,8,6,8,2,6,8,1,3,2,1,3,2,4,2,2,4
d87ac4d0-9f62-4022-97be-1d9eac01510e,1,1,2,0,0,0,1,2,0,0,0,1,2,0,0,0,1,2,0,0,0
d8ed0567-27c5-4623-82e5-1dbf9456857c,2,2,4,2,2,4,5,7,2,5,7,2,4,2,2,4,2,4,2,2,4
d93c0f5e-f283-4ef0-ae8b-4a724b543f95,2,2,4,2,2,4,2,4,0,2,2,2,4,2,2,4,1,3,0,0,0
d9901ae0-4e68-4028-a3b8-b328987d2611,2,6,8,2,6,8,6,8,2,6,8,5,7,2,5,7,2,4,2,2,4
d9d16f7b-ea14-4196-99d1-e9ebfa478905,3,3,6,0,0,0,3,6,0,0,0,3,6,0,0,0,1,4,0,0,0
da417c00-269c-4b0c-aace-c4a3cbc30bc2,4,4,8,4,4,8,4,8,4,4,8,4,8,4,4,8,4,8,4,4,8
daac3eff-42c5-4050-88e5-1ef987ac35c2,2,2,4,2,2,4,2,4,2,2,4,2,4,2,2,4,2,4,2,2,4
dab3e42d-7b77-48aa-b1f2-0898820525a4,2,3,5,2,3,5,3,5,2,3,5,3,5,2,3,5,1,3,0,0,0
dbed9338-b251-41f2-a3bb-14d478eb3eb6,2,2,4,2,2,4,2,4,2,2,4,2,4,2,2,4,2,4,2,2,4
dc60245e-311d-44ae-866a-87a15603546a,4,4,8,4,4,8,4,8,4,4,8,4,8,4,4,8,4,8,4,4,8
dc636719-c4e1-422c-b866-c98b00de2714,2,4,6,0,0,0,4,6,0,0,0,4,6,0,0,0,1,3,0,0,0
dc67cdc1-aa42-4c97-a100-fbf320e118eb,10,11,21,10,11,21,11,21,10,11,21,11,21,10,11,21,1,11,0,0,0
dc7924b9-7101-414e-846c-f626771d1e97,2,5,7,2,5,7,2,4,0,0,0,5,7,2,5,7,2,4,0,0,0
dcd6bfb6-1983-412f-ac8b-50af0304972c,2,4,6,0,0,0,4,6,0,0,0,4,6,0,0,0,1,3,0,0,0
dd3c09cc-a7a2-4c09-91af-2e3c742d2b84,2,2,4,2,2,4,2,4,2,2,4,2,4,2,2,4,2,4,2,2,4
dd9b32e6-a8ae-40eb-9fa1-02c1a06e94ff,3,7,10,3,7,10,7,10,3,7,10,7,10,3,7,10,1,4,0,0,0
de03ecc0-d8b7-4db3-931d-3bd8b2e138ba,1,4,5,1,4,5,1,2,1,1,2,4,5,1,4,5,1,2,1,1,2
de1edb68-6d73-4b12-9772-4833b8245a75,2,4,6,0,2,2,4,6,0,2,2,4,6,0,2,2,4,6,0,2,2
de2dcd52-7913-4a4b-8c7f-48e74a841fed,2,4,6,2,4,6,2,4,0,0,0,1,3,0,1,1,1,3,0,0,0
de5d2e47-5376-4ee5-ab80-21924a842c40,1,1,2,1,1,2,1,2,1,1,2,1,2,1,1,2,2,3,0,0,0
de6c8041-8f40-4ea2-b838-ef3f727f55b1,1,6,7,1,6,7,6,7,1,6,7,7,8,1,7,8,1,2,1,1,2
de6d616d-8a4b-4aaa-abab-45f3598506a2,3,7,10,3,7,10,7,10,3,7,10,7,10,3,7,10,1,4,0,0,0
de7a8052-7961-4b34-a8f2-86794968a879,2,7,9,0,0,0,7,9,0,0,0,7,9,0,0,0,1,3,0,0,0
defb4648-e9d0-4bc5-8120-df4c36c5bd17,2,4,6,2,4,6,4,6,2,4,6,5,7,2,5,7,2,4,2,2,4
df90f641-7413-42d5-9977-4640bbcf0a0b,5,4,9,5,4,9,4,9,5,4,9,4,9,5,4,9,4,9,5,4,9
df916353-2812-422c-9f00-52dcdd13baf5,2,5,7,0,0,0,5,7,0,0,0,2,4,0,0,0,1,3,0,0,0
dfbbf401-537f-404e-a282-d4334c24ab37,3,6,9,2,2,4,6,9,2,2,4,2,5,2,0,2,1,4,0,0,0
e01fa92e-981f-4eba-bef5-44e0d92bdd3f,6,5,11,6,5,11,5,11,6,5,11,5,11,6,5,11,5,11,6,5,11
e042fe43-a82a-4b6e-8b9b-767d9a6e66a2,2,5,7,2,5,7,5,7,0,0,0,5,7,2,5,7,1,3,0,0,0
e0813a74-92be-442c-925f-a5ebed68fa84,2,4,6,2,4,6,4,6,2,4,6,4,6,2,4,6,2,4,2,2,4
e08d514d-7801-4f7b-a4cd-3f87e5c5e905,2,2,4,2,2,4,2,4,2,2,4,6,8,2,6,8,2,4,2,2,4
e0d20693-15c6-43da-aa30-fa1368688ba1,6,6,12,6,6,12,6,12,6,6,12,6,12,6,6,12,6,12,6,6,12
e1147d5c-b9dd-459a-b971-17a72557ffcf,6,6,12,0,0,0,6,12,0,0,0,6,12,0,0,0,1,7,0,0,0
e1384ad9-2b16-4c5c-9645-213b9c456dac,10,10,20,10,10,20,10,20,10,10,20,10,20,10,10,20,10,20,10,10,20
e1573b2c-c931-44b9-9723-37486283094c,6,6,12,6,6,12,6,12,6,6,12,6,12,6,6,12,1,7,0,0,0
e1889a69-1358-49dd-b201-2fa5a5344a09,2,2,4,0,0,0,2,4,0,0,0,1,3,0,0,0,1,3,0,0,0
e32a20c4-5731-4fe0-9ef1-dced3ee17e80,6,7,13,5,0,5,7,13,5,0,5,7,13,5,0,5,7,13,5,0,5
e35dac13-fe11-42e2-a913-9ea2f81dc308,7,7,14,7,7,14,7,14,7,7,14,7,14,7,7,14,1,8,0,0,0
e3d1bcdd-a30d-4192-b662-0a723aab2927,2,7,9,0,2,2,7,9,0,2,2,7,9,0,2,2,2,4,0,0,0
e3fb5cdb-40b5-4703-a9af-190dac1bee5f,2,3,5,0,2,2,3,5,0,2,2,3,5,0,2,2,3,5,0,2,2
e437057f-dff0-4d01-bc25-9b22e9b88a76,3,2,5,2,2,4,2,5,2,2,4,2,5,2,2,4,1,4,0,0,0
e43ce50c-abb6-46b7-aa50-57926aa98b00,5,4,9,5,4,9,4,9,5,4,9,4,9,5,4,9,4,9,5,4,9
e4f8449b-4e59-46af-acaa-26ca55d80f7b,2,7,9,2,7,9,2,4,2,2,4,7,9,2,7,9,1,3,0,0,0
e519a940-7e34-480c-9001-5d4760bf1656,3,2,5,3,2,5,2,5,3,2,5,2,5,3,2,5,1,4,0,0,0
e51a5055-54bd-4a1f-8caf-5b9db68b29a9,2,7,9,2,7,9,7,9,0,0,0,6,8,0,2,2,2,4,0,0,0
e5627bb5-4db6-4121-970f-42d4e8c88c36,2,1,3,2,1,3,1,3,2,1,3,1,3,2,1,3,2,4,2,2,4
e58587c2-6f64-481e-abc1-10dd55d41622,2,6,8,0,2,2,6,8,0,2,2,6,8,0,2,2,6,8,0,2,2
e61d9eb5-955d-42a8-9623-b0450f82e9c0,6,6,12,6,6,12,6,12,6,6,12,6,12,6,6,12,6,12,6,6,12
e692039d-b365-4511-9a67-07bdffd6befe,7,7,14,7,7,14,7,14,7,7,14,7,14,7,7,14,1,8,0,0,0
e6a03e70-6220-4999-91f6-c575af1ad0fd,2,3,5,2,3,5,3,5,2,3,5,3,5,2,3,5,2,4,2,2,4
e6a892ea-7ff2-4dd0-aa20-2f2b53066597,2,4,6,2,4,6,4,6,2,4,6,4,6,2,4,6,2,4,2,2,4
e6b9f063-fe1c-4226-9611-bd814327e8f3,2,6,8,0,0,0,6,8,0,0,0,6,8,0,0,0,1,3,0,0,0
e6ba331d-dcfe-41db-96e6-b6695629695e,1,1,2,0,0,0,1,2,0,0,0,1,2,0,0,0,1,2,0,0,0
e724e741-17a7-4255-828d-303d8218d23f,3,5,8,2,2,4,5,8,2,2,4,5,8,2,2,4,2,5,0,0,0
e76012a2-dfe9-4ba9-9aa3-a1dc6fc608e6,2,2,4,0,0,0,2,4,0,0,0,2,4,0,0,0,1,3,0,0,0
e79f7e30-f82a-40d6-b2f6-2660ef9ac165,2,2,4,0,0,0,2,4,0,0,0,2,4,0,0,0,1,3,0,0,0
e7c6f930-44da-4515-a98a-0240a2fd68b2,4,4,8,4,4,8,4,8,4,4,8,4,8,4,4,8,4,8,4,4,8
e7d8d3e5-d058-4f84-8b22-bbc1f3772643,2,3,5,0,0,0,3,5,0,0,0,3,5,0,0,0,1,3,0,0,0
e7fd0654-1283-4c4d-8b42-4f2fe158ad71,1,8,9,1,8,9,1,2,1,1,2,8,9,1,8,9,1,2,1,1,2
e7ff5a14-640a-47de-aab0-8bdc6817f21b,2,10,12,2,10,12,10,12,2,10,12,10,12,2,10,12,2,4,2,2,4
e809205d-5411-4a7d-89b6-8e0397e4989a,2,6,8,0,2,2,6,8,0,2,2,6,8,0,2,2,6,8,0,2,2
e8284f25-4485-4871-b2b9-4bfcdd8d9003,2,2,4,2,2,4,2,4,2,2,4,2,4,2,2,4,2,4,2,2,4
e887a068-f81c-4459-8e0f-f7c4778a61bc,2,5,7,2,5,7,5,7,2,5,7,5,7,2,5,7,2,4,2,2,4
e8ba2945-e67e-4315-ab4c-4d5dab3e0e47,2,2,4,2,2,4,3,5,2,3,5,2,4,2,2,4,1,3,0,0,0
e8dec498-2a18-439b-9a53-610b528e0db4,7,8,15,7,8,15,8,15,7,8,15,8,15,7,8,15,8,15,7,8,15
e95b6244-e01e-4960-abca-9e90e2f1af6e,2,7,9,2,7,9,7,9,2,7,9,2,4,0,2,2,1,3,0,0,0
e9caca1e-fa45-4212-ba9d-1f7178d33754,10,5,15,0,0,0,2,12,0,0,0,5,15,0,0,0,1,11,0,0,0
e9cb1f09-9658-4277-a5f9-a9b8c20aea66,2,4,6,0,0,0,4,6,0,0,0,4,6,0,0,0,1,3,0,0,0
e9ebf4cf-a6ca-41db-aae0-1221260abd36,4,4,8,4,4,8,4,8,4,4,8,4,8,4,4,8,4,8,4,4,8
ea17ad5c-c89a-4de0-9fec-9e73eb324594,3,2,5,3,2,5,2,5,3,2,5,2,5,3,2,5,2,5,3,2,5
ea633e4b-fca9-4845-a1ec-ad9d09882658,15,17,32,15,17,32,17,32,15,17,32,17,32,15,17,32,17,32,15,17,32
ea64bed6-a9d1-4011-b497-5bda00427d07,2,4,6,2,4,6,4,6,2,4,6,4,6,2,4,6,1,3,0,0,0
ea78de3d-328e-439b-8bac-d7f35b63c7f6,2,2,4,2,2,4,2,4,2,2,4,2,4,2,2,4,2,4,2,2,4
eafb7bb2-2924-4926-a467-a279f5c3b270,2,4,6,2,4,6,4,6,2,4,6,4,6,0,2,2,1,3,0,0,0
eb3121c2-58ee-4a24-8e7d-bf523821b071,2,7,9,2,7,9,7,9,0,0,0,7,9,2,7,9,1,3,0,0,0
eb583425-0944-49bc-bc44-02c014597d70,2,4,6,2,4,6,4,6,2,4,6,4,6,2,4,6,1,3,0,0,0
eb7f7943-8057-4a0a-9695-7e5a2ac5fd34,2,4,6,2,4,6,2,4,2,2,4,4,6,2,4,6,1,3,0,0,0
ebbfdc0f-e05c-437f-99fb-e80bbc7517d6,2,2,4,0,0,0,3,5,0,0,0,2,4,0,0,0,1,3,0,0,0
ec2ca922-f649-4436-b7f2-6f3b69aef36e,2,2,4,2,2,4,2,4,2,2,4,2,4,2,2,4,2,4,2,2,4
ec3d0448-3a73-4593-9e20-3dda370c3e32,2,5,7,2,5,7,5,7,2,5,7,5,7,0,2,2,1,3,0,0,0
ed0cd161-f31f-48a8-8813-65fcd56dae11,2,2,4,2,2,4,2,4,2,2,4,2,4,2,2,4,1,3,0,0,0
ed2cc997-9b9a-492c-b8ec-bf524528334a,2,6,8,2,6,8,2,4,2,2,4,6,8,2,6,8,2,4,2,2,4
ed310c02-29d9-486d-8235-4fcce7923d2b,6,5,11,0,0,0,2,8,0,0,0,5,11,0,0,0,1,7,0,0,0
ed5c2d14-6d32-4f8e-ae42-34623bc83f9d,2,4,6,2,4,6,3,5,0,0,0,6,8,0,2,2,1,3,0,0,0
ed79ac3d-afa7-44d4-8a11-4f9f8c71c42f,2,4,6,2,4,6,4,6,2,4,6,4,6,2,4,6,2,4,2,2,4
edefa4d1-6f40-486c-9744-7c2a331db2fb,4,2,6,0,0,0,2,6,0,0,0,2,6,0,0,0,2,6,0,0,0
ee37b0bc-7c21-4d46-b8e6-46a234b7260b,2,4,6,2,4,6,2,4,0,0,0,2,4,0,2,2,1,3,0,0,0
ee38cf16-fc63-4469-8570-b1a457bc32e4,6,5,11,6,5,11,5,11,6,5,11,5,11,6,5,11,5,11,6,5,11
ee4920ab-75a8-4507-8196-758e77364e0e,4,4,8,4,4,8,4,8,4,4,8,4,8,4,4,8,4,8,4,4,8
ee87bd4c-4ec4-4cb1-af60-d746f0fe381d,2,9,11,2,9,11,9,11,2,9,11,9,11,2,9,11,9,11,2,9,11
eea4c471-e348-4e8c-8319-65fcc3e24a04,2,13,15,2,13,15,13,15,2,13,15,4,6,2,4,6,2,4,2,2,4
ef98cf91-31f4-40ef-8f41-38eaffcc1f4e,2,7,9,2,7,9,7,9,2,7,9,7,9,2,7,9,2,4,2,2,4
ef9f96be-b02d-4dea-84ce-613687c42935,7,7,14,7,7,14,7,14,7,7,14,7,14,7,7,14,7,14,7,7,14
efbfba35-417c-4631-869b-7483cb3ed1fa,1,1,2,0,0,0,1,2,0,0,0,1,2,0,0,0,1,2,0,0,0
efc89191-5c60-4f32-b606-ccd294d06d8c,4,4,8,4,4,8,4,8,4,4,8,4,8,4,4,8,1,5,0,0,0
efd3a97a-4a45-41c0-94dc-9e2b540587b1,3,1,4,3,1,4,1,4,3,1,4,2,5,2,0,2,1,4,0,0,0
f009e3b4-800a-40c2-a405-82bd133048fd,2,8,10,2,8,10,8,10,2,8,10,2,4,2,2,4,2,4,2,2,4
f0190746-a028-4100-ac65-f3a957f01944,3,7,10,2,2,4,7,10,2,2,4,7,10,2,2,4,1,4,0,0,0
f0339325-240b-45c2-b3e0-dd3b9d393ca2,5,5,10,5,5,10,5,10,5,5,10,5,10,5,5,10,5,10,5,5,10
f0355333-5cc0-4414-a16c-cb06b0a5041d,2,4,6,2,4,6,4,6,2,4,6,4,6,2,4,6,2,4,2,2,4
f101f247-eba5-492e-8ce9-2a4bdf6b5d1c,3,2,5,3,2,5,3,6,2,2,4,2,5,3,2,5,1,4,0,0,0
f104f797-5205-4733-bcb7-eed8e2f717e4,3,3,6,2,2,4,3,6,2,2,4,2,5,2,0,2,1,4,0,0,0
f163ae49-c91d-480e-8af8-bad31c40de1e,1,7,8,1,7,8,7,8,1,7,8,2,3,1,0,1,1,2,1,1,2
f194f73e-2fdc-4f5a-a5ec-d10e10d36b32,2,2,4,2,2,4,2,4,2,2,4,2,4,2,2,4,2,4,2,2,4
f1b8673d-d047-4aa0-9019-58b53f0d1cd3,2,10,12,2,10,12,10,12,2,10,12,10,12,2,10,12,10,12,2,10,12
f1f51816-b171-4424-9fbc-5c026b019959,3,5,8,3,5,8,5,8,3,5,8,5,8,3,5,8,1,4,0,0,0
f251b5c7-ca9a-441d-b562-9f07d3669a8e,2,13,15,2,13,15,13,15,2,13,15,13,15,2,13,15,13,15,2,13,15
f34c9c0c-765b-4e7b-8b5b-aff3040cf318,2,6,8,2,6,8,6,8,2,6,8,2,4,0,2,2,2,4,0,0,0
f36f87f9-93c7-43ef-ae93-7931472fa8b6,2,1,3,2,1,3,1,3,2,1,3,1,3,2,1,3,2,4,2,2,4
f3c01c08-a667-417a-a36c-03a1c02f9b8d,4,4,8,4,4,8,4,8,4,4,8,4,8,4,4,8,4,8,4,4,8
f3fae7e3-47b9-4c9e-8d0d-0ad9e7f2062f,2,8,10,2,8,10,8,10,2,8,10,8,10,2,8,10,8,10,2,8,10
f457554d-eb3d-40c0-aa16-c5f0a83996c0,4,4,8,4,4,8,4,8,4,4,8,4,8,4,4,8,4,8,4,4,8
f478c652-d8c1-4b83-bcfc-d039e9b08e99,2,5,7,0,2,2,5,7,0,2,2,5,7,0,2,2,5,7,0,2,2
f4a32617-63f7-47b9-b78c-b45e6a1cd94e,2,2,4,2,2,4,7,9,0,0,0,2,4,2,2,4,1,3,0,0,0
f4cc4033-29a4-4e26-9888-460b545a9d56,2,4,6,2,4,6,2,4,0,2,2,4,6,2,4,6,1,3,0,0,0
f4d3419c-89e9-4e18-a666-b0477ca67d48,6,7,13,6,7,13,7,13,6,7,13,7,13,6,7,13,7,13,6,7,13
f52958f1-0c67-4908-9d01-9472e89dbd8e,4,4,8,0,0,0,4,8,0,0,0,4,8,0,0,0,1,5,0,0,0
f59e2431-159a-45f4-9b87-52f554ea2f40,2,3,5,2,3,5,2,4,2,2,4,3,5,2,3,5,1,3,0,0,0
f5a96d53-6359-4534-9532-81f7c75c78d2,2,2,4,2,2,4,2,4,2,2,4,2,4,2,2,4,2,4,2,2,4
f5bb5273-aa26-4e42-bcf6-476434aa3ac4,2,2,4,2,2,4,2,4,2,2,4,2,4,2,2,4,1,3,0,0,0
f5c4c716-b042-49e2-b7a4-1035c27cb546,4,4,8,4,4,8,4,8,4,4,8,4,8,4,4,8,4,8,4,4,8
f5da9c02-9c14-46b8-ba57-463d651bf9fd,2,2,4,2,2,4,2,4,2,2,4,2,4,2,2,4,1,3,0,0,0
f5de735a-8534-4e8d-b9a2-70463bd85ccf,8,8,16,8,8,16,8,16,8,8,16,8,16,8,8,16,8,16,8,8,16
f605528c-386c-4bb4-8837-67a4e5750243,2,9,11,2,9,11,8,10,2,8,10,9,11,2,9,11,1,3,0,0,0
f668ecaa-8c2c-477e-851f-ebd971657cdc,2,2,4,2,2,4,2,4,2,2,4,2,4,2,2,4,2,4,2,2,4
f672ca7a-9a29-41a6-803f-0c5350032e12,2,5,7,2,5,7,2,4,2,2,4,5,7,2,5,7,1,3,0,0,0
f699158f-3365-4b92-a1a8-9d6454489b08,3,7,10,3,7,10,7,10,3,7,10,7,10,3,7,10,7,10,3,7,10
f6a171e6-b9b3-4f13-93f5-a8571372cfcb,4,5,9,4,5,9,5,9,4,5,9,5,9,4,5,9,5,9,4,5,9
f6cd60e6-3c60-4c34-a94b-94f5672cd6bd,4,5,9,0,0,0,5,9,0,0,0,5,9,0,0,0,1,5,0,0,0
f6dd66da-e764-4682-b68b-429ed1642a4c,2,8,10,2,8,10,8,10,2,8,10,2,4,2,2,4,2,4,2,2,4
f6f804da-32be-47d7-9906-f758db594ccf,11,11,22,11,11,22,11,22,11,11,22,11,22,11,11,22,11,22,11,11,22
f773dedf-cd48-4298-b687-c61798804dca,2,2,4,2,2,4,2,4,2,2,4,2,4,2,2,4,2,4,2,2,4
f7ce0ea8-2c53-41a8-b99e-27a4e04c23b3,2,2,4,2,2,4,2,4,2,2,4,2,4,2,2,4,2,4,2,2,4
f8229e48-1dd4-4a41-9464-30d24da56c0d,2,8,10,2,8,10,8,10,2,8,10,8,10,2,8,10,2,4,2,2,4
f92423ab-8b9c-497f-977e-6b869996aee9,6,6,12,6,6,12,6,12,6,6,12,6,12,6,6,12,6,12,6,6,12
f9cd27b3-91e1-4b46-88f0-459fdd05a833,3,4,7,3,4,7,4,7,3,4,7,4,7,3,4,7,4,7,3,4,7
f9e1b910-45fd-41f9-b39c-84c5eaf1059d,4,4,8,4,4,8,4,8,4,4,8,4,8,4,4,8,4,8,4,4,8
f9e6bad7-8154-4a2e-87ea-64354c67d8a8,4,4,8,0,0,0,4,8,0,0,0,4,8,0,0,0,1,5,0,0,0
fa521837-924b-4d38-adb3-e9aadb5982f0,3,5,8,3,5,8,5,8,3,5,8,4,7,0,3,3,1,4,0,0,0
fab2e70d-6a06-45cc-bd61-dfda55c3ee0c,6,6,12,6,6,12,6,12,6,6,12,6,12,6,6,12,6,12,6,6,12
fb218f3b-5549-4cfc-b4d3-9844d70297e4,6,6,12,6,6,12,6,12,6,6,12,6,12,6,6,12,1,7,0,0,0
fb522507-4c0c-415d-a1c5-426a86d055a1,2,1,3,2,1,3,2,4,2,2,4,1,3,2,1,3,2,4,2,2,4
fb620eec-4584-49f6-bed5-800cdda93674,2,2,4,2,2,4,2,4,2,2,4,4,6,0,2,2,1,3,0,0,0
fb7f1a58-d92e-4896-9c56-c9c0a9ea30db,2,4,6,0,0,0,4,6,0,0,0,4,6,0,0,0,1,3,0,0,0
fc1fad34-91ad-4da5-9428-b22b4e8241d4,1,4,5,1,4,5,4,5,1,4,5,4,5,1,4,5,1,2,1,1,2
fc65004e-af10-413f-ab15-8fd80d1b857f,4,5,9,4,5,9,5,9,4,5,9,5,9,4,5,9,5,9,4,5,9
fc9cbbc0-e6eb-43dd-bf8a-d5aefe5364d7,1,5,6,1,5,6,5,6,1,5,6,2,3,1,2,3,1,2,1,1,2
fcca913c-ddeb-47ad-834a-73a4e705c3e5,2,4,6,2,4,6,4,6,2,4,6,4,6,2,4,6,2,4,2,2,4
fcf91147-908d-407a-b710-8897cae0239f,2,8,10,2,8,10,7,9,2,7,9,8,10,2,8,10,1,3,0,0,0
fd60bd6a-8ab6-420c-9d96-917a6e46dc62,2,5,7,2,5,7,5,7,2,5,7,5,7,2,5,7,5,7,2,5,7
fd7247d2-cdea-40e3-920a-6c7c8ee3d5b5,2,1,3,2,1,3,2,4,2,2,4,1,3,2,1,3,2,4,2,2,4
fd780ecb-7322-4c52-88d5-6332e1af45a5,3,3,6,3,3,6,3,6,3,3,6,3,6,3,3,6,3,6,3,3,6
fd8f511e-42b8-4915-9b1e-03c7121ec7c6,2,2,4,2,2,4,2,4,2,2,4,2,4,2,2,4,1,3,0,0,0
fe39e006-95a0-405b-8aa8-adcb63e041bc,2,17,19,2,17,19,17,19,2,17,19,17,19,2,17,19,2,4,2,2,4
fe5b3f43-0fea-4a70-b5a4-7eceb7a270eb,2,7,9,2,7,9,7,9,2,7,9,7,9,0,2,2,1,3,0,0,0
fe65aa60-05be-4f6f-8a7c-81b9c183ece5,6,6,12,6,6,12,6,12,6,6,12,6,12,6,6,12,1,7,0,0,0
fe8cb839-38c8-495f-933b-ef777209bbbe,1,5,6,1,5,6,4,5,1,4,5,5,6,1,5,6,1,2,1,1,2
fe98ab81-3f73-447b-a73a-b4e79a0eb9e3,6,6,12,6,6,12,6,12,6,6,12,6,12,6,6,12,6,12,6,6,12
ff000aad-f6e3-41a4-86c0-def2247e21d5,4,4,8,4,4,8,4,8,4,4,8,4,8,4,4,8,4,8,4,4,8
ff01a835-2b6e-4ee5-ba61-6db19ffb6140,2,5,7,2,5,7,2,4,0,2,2,5,7,2,5,7,1,3,0,0,0
ff17bdd5-5dca-4d4f-b59d-0e549cb3a14f,2,7,9,0,2,2,7,9,0,2,2,7,9,0,2,2,7,9,0,2,2
ff1e1672-384b-4142-a083-18181dd54091,5,5,10,5,5,10,5,10,5,5,10,5,10,5,5,10,5,10,5,5,10
ff857a22-06ad-47d9-8e4d-658a8e20b73c,3,7,10,3,7,10,7,10,3,7,10,9,12,0,3,3,1,4,0,0,0
ffaf83aa-0eff-433a-ab6e-6e08cbed4516,3,3,6,0,3,3,3,6,0,3,3,3,6,0,3,3,3,6,0,3,3
ffb21bae-e22f-41d0-ba39-a43bed56f779,3,4,7,3,4,7,4,7,3,4,7,4,7,3,4,7,1,4,0,0,0